590.866,429.793,-0.002
575.746,429.86,-0.003
560.626,429.927,0.003
545.506,429.994,-0.002
530.386,430.061,-0.001
621.039,414.54,-0.003
605.919,414.607,0.0
590.799,414.674,-0.001
575.679,414.74,-0.002
560.559,414.807,-0.001
545.439,414.874,0.0
530.319,414.941,-0.001
515.2,415.008,-0.002
500.08,415.075,0.002
651.211,399.286,0.0
636.092,399.353,-0.001
620.972,399.42,-0.001
605.852,399.487,0.0
590.732,399.554,-0.002
575.612,399.62,-0.001
560.492,399.687,0.0
545.372,399.754,-0.001
530.253,399.821,-0.001
515.133,399.888,-0.002
500.013,399.955,0.0
484.893,400.021,0.0
469.773,400.088,0.001
666.264,384.1,0.001
651.145,384.167,0.0
636.025,384.233,-0.002
620.905,384.3,-0.002
605.785,384.367,0.0
590.665,384.434,-0.001
575.545,384.501,-0.003
560.426,384.567,-0.002
545.306,384.634,-0.001
530.186,384.701,-0.002
515.066,384.768,-0.002
499.946,384.835,0.0
484.826,384.902,0.0
469.706,384.968,-0.002
454.587,385.035,0.004
666.198,368.98,0.001
651.078,369.047,0.0
635.958,369.113,-0.001
620.838,369.18,-0.002
605.718,369.247,0.0
590.598,369.314,0.0
575.479,369.381,-0.002
560.359,369.448,-0.001
545.239,369.514,-0.001
530.119,369.581,-0.001
514.999,369.648,-0.001
499.879,369.715,0.001
484.759,369.782,0.0
469.64,369.849,0.0
454.52,369.915,0.0
681.251,353.793,-0.002
666.131,353.86,0.0
651.011,353.927,0.001
635.891,353.994,-0.002
620.771,354.06,-0.003
605.651,354.127,0.0
590.532,354.194,0.0
575.412,354.261,-0.001
560.292,354.328,-0.001
545.172,354.395,-0.001
530.052,354.461,-0.001
514.932,354.528,-0.001
499.812,354.595,0.0
484.693,354.662,0.001
469.573,354.729,0.0
454.453,354.796,0.001
439.333,354.862,-0.001
681.184,338.673,0.0
666.064,338.74,0.0
650.944,338.807,0.0
635.824,338.874,-0.002
620.704,338.941,-0.002
605.585,339.007,0.0
590.465,339.074,0.0
575.345,339.141,-0.001
560.225,339.208,-0.001
545.105,339.275,0.0
529.985,339.342,0.0
514.866,339.408,-0.001
499.746,339.475,0.0
484.626,339.542,0.001
469.506,339.609,0.0
454.386,339.676,-0.001
439.266,339.743,0.0
696.237,323.487,0.0
681.117,323.553,0.0
665.997,323.62,0.0
650.877,323.687,-0.001
635.757,323.754,-0.002
620.638,323.821,-0.002
605.518,323.888,-0.001
590.398,323.954,-0.001
575.278,324.021,-0.001
560.158,324.088,-0.001
545.038,324.155,-0.002
529.918,324.222,-0.002
514.799,324.289,-0.001
499.679,324.355,0.0
484.559,324.422,0.0
469.439,324.489,0.003
454.319,324.556,0.0
439.199,324.623,0.0
424.08,324.69,0.001
696.17,308.367,0.002
681.05,308.434,0.001
665.93,308.5,0.002
650.81,308.567,0.0
635.691,308.634,-0.001
620.571,308.701,0.0
605.451,308.768,0.0
590.331,308.835,0.0
575.211,308.901,-0.001
560.091,308.968,0.0
544.971,309.035,0.0
529.852,309.102,-0.001
514.732,309.169,0.0
499.612,309.236,0.001
484.492,309.302,0.001
469.372,309.369,0.001
454.252,309.436,0.0
439.133,309.503,0.001
424.013,309.57,0.002
696.103,293.247,0.003
680.983,293.314,0.003
665.863,293.381,0.002
650.744,293.447,0.001
635.624,293.514,0.0
620.504,293.581,0.0
605.384,293.648,0.001
590.264,293.715,0.0
575.144,293.782,-0.001
560.025,293.848,-0.001
544.905,293.915,-0.001
529.785,293.982,-0.002
514.665,294.049,-0.002
499.545,294.116,-0.001
484.425,294.183,-0.001
469.305,294.249,-0.001
454.186,294.316,0.0
439.066,294.383,0.0
423.946,294.45,0.001
696.036,278.127,0.005
680.917,278.194,0.003
665.797,278.261,0.003
650.677,278.328,0.002
635.557,278.394,0.001
620.437,278.461,0.001
605.317,278.528,0.002
590.197,278.595,0.001
575.078,278.662,0.0
559.958,278.729,0.0
544.838,278.795,0.0
529.718,278.862,-0.001
514.598,278.929,-0.001
499.478,278.996,0.0
484.358,279.063,0.0
469.239,279.129,-0.001
454.119,279.196,0.0
438.999,279.263,-0.001
423.879,279.33,0.002
695.97,263.007,0.003
680.85,263.074,0.002
665.73,263.141,0.003
650.61,263.208,0.002
635.49,263.275,0.0
620.37,263.341,0.0
605.25,263.408,0.001
590.131,263.475,0.0
575.011,263.542,-0.001
559.891,263.609,0.0
544.771,263.675,0.0
529.651,263.742,-0.001
514.531,263.809,-0.001
499.412,263.876,0.001
484.292,263.943,0.001
469.172,264.01,0.001
454.052,264.076,0.0
438.932,264.143,0.0
423.819,264.21,0.004
680.783,247.954,0.003
665.663,248.021,0.002
650.543,248.088,0.001
635.423,248.155,-0.002
620.304,248.221,0.0
605.184,248.288,0.001
590.064,248.355,0.0
574.944,248.422,0.0
559.824,248.489,0.001
544.704,248.556,0.0
529.584,248.622,-0.001
514.464,248.689,0.0
499.345,248.756,0.002
484.225,248.823,0.002
469.105,248.89,0.002
453.985,248.957,0.003
438.865,249.023,0.001
680.716,232.834,0.002
665.596,232.901,0.002
650.476,232.968,0.001
635.357,233.035,-0.001
620.237,233.102,-0.003
605.117,233.168,0.0
589.997,233.235,0.0
574.877,233.302,-0.001
559.757,233.369,-0.001
544.637,233.436,0.0
529.518,233.503,-0.002
514.398,233.569,-0.002
499.278,233.636,-0.002
484.158,233.703,0.002
469.038,233.77,0.0
453.918,233.837,0.0
438.798,233.904,0.002
665.529,217.781,0.001
650.41,217.848,-0.001
635.29,217.915,-0.001
620.17,217.982,-0.002
605.05,218.049,-0.001
589.93,218.115,-0.001
574.81,218.182,-0.002
559.69,218.249,-0.001
544.571,218.316,-0.001
529.451,218.383,-0.001
514.331,218.45,-0.003
499.211,218.516,0.001
484.091,218.583,0.004
468.971,218.65,0.002
453.851,218.717,0.001
665.463,202.661,0.002
650.343,202.728,0.002
635.223,202.795,0.001
620.103,202.862,0.0
604.983,202.929,0.0
589.863,202.996,0.001
574.743,203.062,0.0
559.624,203.129,-0.001
544.504,203.196,0.0
529.384,203.263,-0.001
514.264,203.33,-0.001
499.144,203.397,0.001
484.024,203.463,0.002
468.904,203.53,-0.001
650.276,187.608,0.0
635.156,187.675,-0.001
620.036,187.742,-0.001
604.916,187.809,0.0
589.796,187.876,0.0
574.677,187.943,0.001
559.557,188.009,0.0
544.437,188.076,0.001
529.317,188.143,0.0
514.197,188.21,0.0
499.077,188.277,0.002
483.957,188.344,0.002
619.969,172.622,-0.001
604.849,172.689,0.002
589.73,172.756,0.001
574.61,172.823,0.002
559.49,172.89,-0.001
544.37,172.956,0.002
529.25,173.023,0.001
514.13,173.09,0.0
499.01,173.157,0.002
589.663,157.636,0.001
574.543,157.703,-0.002
559.423,157.77,-0.004
544.303,157.837,-0.001
529.183,157.903,-0.001
