550,145,0
555,145,0
560,145,0
565,145,0
570,145,0
520,150,0
525,150,0
530,150,0
535,150,0
540,150,0
545,150,0
550,150,0
555,150,0
560,150,0
565,150,0
570,150,0
575,150,0
580,150,0
585,150,0
590,150,0
595,150,0
510,155,0
515,155,0
520,155,0
525,155,0
530,155,0
535,155,0
540,155,0
545,155,0
550,155,0
555,155,0
560,155,0
565,155,0
570,155,0
575,155,0
580,155,0
585,155,0
590,155,0
595,155,0
600,155,0
605,155,0
610,155,0
500,160,0
505,160,0
510,160,0
515,160,0
520,160,0
525,160,0
530,160,0
535,160,0
540,160,0
545,160,0
550,160,0
555,160,0
560,160,0
565,160,0
570,160,0
575,160,0
580,160,0
585,160,0
590,160,0
595,160,0
600,160,0
605,160,0
610,160,0
615,160,0
620,160,0
490,165,0
495,165,0
500,165,0
505,165,0
510,165,0
515,165,0
520,165,0
525,165,0
530,165,0
535,165,0
540,165,0
545,165,0
550,165,0
555,165,0
560,165,0
565,165,0
570,165,0
575,165,0
580,165,0
585,165,0
590,165,0
595,165,0
600,165,0
605,165,0
610,165,0
615,165,0
620,165,0
625,165,0
630,165,0
480,170,0
485,170,0
490,170,0
495,170,0
500,170,0
505,170,0
510,170,0
515,170,0
520,170,0
525,170,0
530,170,0
535,170,0
540,170,0
545,170,0
550,170,0
555,170,0
560,170,0
565,170,0
570,170,0
575,170,0
580,170,0
585,170,0
590,170,0
595,170,0
600,170,0
605,170,0
610,170,0
615,170,0
620,170,0
625,170,0
630,170,0
635,170,0
640,170,0
475,175,0
480,175,0
485,175,0
490,175,0
495,175,0
500,175,0
505,175,0
510,175,0
515,175,0
520,175,0
525,175,0
530,175,0
535,175,0
540,175,0
545,175,0
550,175,0
555,175,0
560,175,0
565,175,0
570,175,0
575,175,0
580,175,0
585,175,0
590,175,0
595,175,0
600,175,0
605,175,0
610,175,0
615,175,0
620,175,0
625,175,0
630,175,0
635,175,0
640,175,0
645,175,0
470,180,0
475,180,0
480,180,0
485,180,0
490,180,0
495,180,0
500,180,0
505,180,0
510,180,0
515,180,0
520,180,0
525,180,0
530,180,0
535,180,0
540,180,0
545,180,0
550,180,0
555,180,0
560,180,0
565,180,0
570,180,0
575,180,0
580,180,0
585,180,0
590,180,0
595,180,0
600,180,0
605,180,0
610,180,0
615,180,0
620,180,0
625,180,0
630,180,0
635,180,0
640,180,0
645,180,0
650,180,0
465,185,0
470,185,0
475,185,0
480,185,0
485,185,0
490,185,0
495,185,0
500,185,0
505,185,0
510,185,0
515,185,0
520,185,0
525,185,0
530,185,0
535,185,0
540,185,0
545,185,0
550,185,0
555,185,0
560,185,0
565,185,0
570,185,0
575,185,0
580,185,0
585,185,0
590,185,0
595,185,0
600,185,0
605,185,0
610,185,0
615,185,0
620,185,0
625,185,0
630,185,0
635,185,0
640,185,0
645,185,0
650,185,0
655,185,0
660,185,0
460,190,0
465,190,0
470,190,0
475,190,0
480,190,0
485,190,0
490,190,0
495,190,0
500,190,0
505,190,0
510,190,0
515,190,0
520,190,0
525,190,0
530,190,0
535,190,0
540,190,0
545,190,0
550,190,0
555,190,0
560,190,0
565,190,0
570,190,0
575,190,0
580,190,0
585,190,0
590,190,0
595,190,0
600,190,0
605,190,0
610,190,0
615,190,0
620,190,0
625,190,0
630,190,0
635,190,0
640,190,0
645,190,0
650,190,0
655,190,0
660,190,0
665,190,0
455,195,0
460,195,0
465,195,0
470,195,0
475,195,0
480,195,0
485,195,0
490,195,0
495,195,0
500,195,0
505,195,0
510,195,0
515,195,0
520,195,0
525,195,0
530,195,0
535,195,0
540,195,0
545,195,0
550,195,0
555,195,0
560,195,0
565,195,0
570,195,0
575,195,0
580,195,0
585,195,0
590,195,0
595,195,0
600,195,0
605,195,0
610,195,0
615,195,0
620,195,0
625,195,0
630,195,0
635,195,0
640,195,0
645,195,0
650,195,0
655,195,0
660,195,0
665,195,0
670,195,0
450,200,0
455,200,0
460,200,0
465,200,0
470,200,0
475,200,0
480,200,0
485,200,0
490,200,0
495,200,0
500,200,0
505,200,0
510,200,0
515,200,0
520,200,0
525,200,0
530,200,0
535,200,0
540,200,0
545,200,0
550,200,0
555,200,0
560,200,0
565,200,0
570,200,0
575,200,0
580,200,0
585,200,0
590,200,0
595,200,0
600,200,0
605,200,0
610,200,0
615,200,0
620,200,0
625,200,0
630,200,0
635,200,0
640,200,0
645,200,0
650,200,0
655,200,0
660,200,0
665,200,0
670,200,0
445,205,0
450,205,0
455,205,0
460,205,0
465,205,0
470,205,0
475,205,0
480,205,0
485,205,0
490,205,0
495,205,0
500,205,0
505,205,0
510,205,0
515,205,0
520,205,0
525,205,0
530,205,0
535,205,0
540,205,0
545,205,0
550,205,0
555,205,0
560,205,0
565,205,0
570,205,0
575,205,0
580,205,0
585,205,0
590,205,0
595,205,0
600,205,0
605,205,0
610,205,0
615,205,0
620,205,0
625,205,0
630,205,0
635,205,0
640,205,0
645,205,0
650,205,0
655,205,0
660,205,0
665,205,0
670,205,0
675,205,0
445,210,0
450,210,0
455,210,0
460,210,0
465,210,0
470,210,0
475,210,0
480,210,0
485,210,0
490,210,0
495,210,0
500,210,0
505,210,0
510,210,0
515,210,0
520,210,0
525,210,0
530,210,0
535,210,0
540,210,0
545,210,0
550,210,0
555,210,0
560,210,0
565,210,0
570,210,0
575,210,0
580,210,0
585,210,0
590,210,0
595,210,0
600,210,0
605,210,0
610,210,0
615,210,0
620,210,0
625,210,0
630,210,0
635,210,0
640,210,0
645,210,0
650,210,0
655,210,0
660,210,0
665,210,0
670,210,0
675,210,0
680,210,0
440,215,0
445,215,0
450,215,0
455,215,0
460,215,0
465,215,0
470,215,0
475,215,0
480,215,0
485,215,0
490,215,0
495,215,0
500,215,0
505,215,0
510,215,0
515,215,0
520,215,0
525,215,0
530,215,0
535,215,0
540,215,0
545,215,0
550,215,0
555,215,0
560,215,0
565,215,0
570,215,0
575,215,0
580,215,0
585,215,0
590,215,0
595,215,0
600,215,0
605,215,0
610,215,0
615,215,0
620,215,0
625,215,0
630,215,0
635,215,0
640,215,0
645,215,0
650,215,0
655,215,0
660,215,0
665,215,0
670,215,0
675,215,0
680,215,0
440,220,0
445,220,0
450,220,0
455,220,0
460,220,0
465,220,0
470,220,0
475,220,0
480,220,0
485,220,0
490,220,0
495,220,0
500,220,0
505,220,0
510,220,0
515,220,0
520,220,0
525,220,0
530,220,0
535,220,0
540,220,0
545,220,0
550,220,0
555,220,0
560,220,0
565,220,0
570,220,0
575,220,0
580,220,0
585,220,0
590,220,0
595,220,0
600,220,0
605,220,0
610,220,0
615,220,0
620,220,0
625,220,0
630,220,0
635,220,0
640,220,0
645,220,0
650,220,0
655,220,0
660,220,0
665,220,0
670,220,0
675,220,0
680,220,0
685,220,0
435,225,0
440,225,0
445,225,0
450,225,0
455,225,0
460,225,0
465,225,0
470,225,0
475,225,0
480,225,0
485,225,0
490,225,0
495,225,0
500,225,0
505,225,0
510,225,0
515,225,0
520,225,0
525,225,0
530,225,0
535,225,0
540,225,0
545,225,0
550,225,0
555,225,0
560,225,0
565,225,0
570,225,0
575,225,0
580,225,0
585,225,0
590,225,0
595,225,0
600,225,0
605,225,0
610,225,0
615,225,0
620,225,0
625,225,0
630,225,0
635,225,0
640,225,0
645,225,0
650,225,0
655,225,0
660,225,0
665,225,0
670,225,0
675,225,0
680,225,0
685,225,0
690,225,0
435,230,0
440,230,0
445,230,0
450,230,0
455,230,0
460,230,0
465,230,0
470,230,0
475,230,0
480,230,0
485,230,0
490,230,0
495,230,0
500,230,0
505,230,0
510,230,0
515,230,0
520,230,0
525,230,0
530,230,0
535,230,0
540,230,0
545,230,0
550,230,0
555,230,0
560,230,0
565,230,0
570,230,0
575,230,0
580,230,0
585,230,0
590,230,0
595,230,0
600,230,0
605,230,0
610,230,0
615,230,0
620,230,0
625,230,0
630,230,0
635,230,0
640,230,0
645,230,0
650,230,0
655,230,0
660,230,0
665,230,0
670,230,0
675,230,0
680,230,0
685,230,0
690,230,0
430,235,0
435,235,0
440,235,0
445,235,0
450,235,0
455,235,0
460,235,0
465,235,0
470,235,0
475,235,0
480,235,0
485,235,0
490,235,0
495,235,0
500,235,0
505,235,0
510,235,0
515,235,0
520,235,0
525,235,0
530,235,0
535,235,0
540,235,0
545,235,0
550,235,0
555,235,0
560,235,0
565,235,0
570,235,0
575,235,0
580,235,0
585,235,0
590,235,0
595,235,0
600,235,0
605,235,0
610,235,0
615,235,0
620,235,0
625,235,0
630,235,0
635,235,0
640,235,0
645,235,0
650,235,0
655,235,0
660,235,0
665,235,0
670,235,0
675,235,0
680,235,0
685,235,0
690,235,0
695,235,0
430,240,0
435,240,0
440,240,0
445,240,0
450,240,0
455,240,0
460,240,0
465,240,0
470,240,0
475,240,0
480,240,0
485,240,0
490,240,0
495,240,0
500,240,0
505,240,0
510,240,0
515,240,0
520,240,0
525,240,0
530,240,0
535,240,0
540,240,0
545,240,0
550,240,0
555,240,0
560,240,0
565,240,0
570,240,0
575,240,0
580,240,0
585,240,0
590,240,0
595,240,0
600,240,0
605,240,0
610,240,0
615,240,0
620,240,0
625,240,0
630,240,0
635,240,0
640,240,0
645,240,0
650,240,0
655,240,0
660,240,0
665,240,0
670,240,0
675,240,0
680,240,0
685,240,0
690,240,0
695,240,0
425,245,0
430,245,0
435,245,0
440,245,0
445,245,0
450,245,0
455,245,0
460,245,0
465,245,0
470,245,0
475,245,0
480,245,0
485,245,0
490,245,0
495,245,0
500,245,0
505,245,0
510,245,0
515,245,0
520,245,0
525,245,0
530,245,0
535,245,0
540,245,0
545,245,0
550,245,0
555,245,0
560,245,0
565,245,0
570,245,0
575,245,0
580,245,0
585,245,0
590,245,0
595,245,0
600,245,0
605,245,0
610,245,0
615,245,0
620,245,0
625,245,0
630,245,0
635,245,0
640,245,0
645,245,0
650,245,0
655,245,0
660,245,0
665,245,0
670,245,0
675,245,0
680,245,0
685,245,0
690,245,0
695,245,0
425,250,0
430,250,0
435,250,0
440,250,0
445,250,0
450,250,0
455,250,0
460,250,0
465,250,0
470,250,0
475,250,0
480,250,0
485,250,0
490,250,0
495,250,0
500,250,0
505,250,0
510,250,0
515,250,0
520,250,0
525,250,0
530,250,0
535,250,0
540,250,0
545,250,0
550,250,0
555,250,0
560,250,0
565,250,0
570,250,0
575,250,0
580,250,0
585,250,0
590,250,0
595,250,0
600,250,0
605,250,0
610,250,0
615,250,0
620,250,0
625,250,0
630,250,0
635,250,0
640,250,0
645,250,0
650,250,0
655,250,0
660,250,0
665,250,0
670,250,0
675,250,0
680,250,0
685,250,0
690,250,0
695,250,0
700,250,0
425,255,0
430,255,0
435,255,0
440,255,0
445,255,0
450,255,0
455,255,0
460,255,0
465,255,0
470,255,0
475,255,0
480,255,0
485,255,0
490,255,0
495,255,0
500,255,0
505,255,0
510,255,0
515,255,0
520,255,0
525,255,0
530,255,0
535,255,0
540,255,0
545,255,0
550,255,0
555,255,0
560,255,0
565,255,0
570,255,0
575,255,0
580,255,0
585,255,0
590,255,0
595,255,0
600,255,0
605,255,0
610,255,0
615,255,0
620,255,0
625,255,0
630,255,0
635,255,0
640,255,0
645,255,0
650,255,0
655,255,0
660,255,0
665,255,0
670,255,0
675,255,0
680,255,0
685,255,0
690,255,0
695,255,0
700,255,0
420,260,0
425,260,0
430,260,0
435,260,0
440,260,0
445,260,0
450,260,0
455,260,0
460,260,0
465,260,0
470,260,0
475,260,0
480,260,0
485,260,0
490,260,0
495,260,0
500,260,0
505,260,0
510,260,0
515,260,0
520,260,0
525,260,0
530,260,0
535,260,0
540,260,0
545,260,0
550,260,0
555,260,0
560,260,0
565,260,0
570,260,0
575,260,0
580,260,0
585,260,0
590,260,0
595,260,0
600,260,0
605,260,0
610,260,0
615,260,0
620,260,0
625,260,0
630,260,0
635,260,0
640,260,0
645,260,0
650,260,0
655,260,0
660,260,0
665,260,0
670,260,0
675,260,0
680,260,0
685,260,0
690,260,0
695,260,0
700,260,0
420,265,0
425,265,0
430,265,0
435,265,0
440,265,0
445,265,0
450,265,0
455,265,0
460,265,0
465,265,0
470,265,0
475,265,0
480,265,0
485,265,0
490,265,0
495,265,0
500,265,0
505,265,0
510,265,0
515,265,0
520,265,0
525,265,0
530,265,0
535,265,0
540,265,0
545,265,0
550,265,0
555,265,0
560,265,0
565,265,0
570,265,0
575,265,0
580,265,0
585,265,0
590,265,0
595,265,0
600,265,0
605,265,0
610,265,0
615,265,0
620,265,0
625,265,0
630,265,0
635,265,0
640,265,0
645,265,0
650,265,0
655,265,0
660,265,0
665,265,0
670,265,0
675,265,0
680,265,0
685,265,0
690,265,0
695,265,0
700,265,0
420,270,0
425,270,0
430,270,0
435,270,0
440,270,0
445,270,0
450,270,0
455,270,0
460,270,0
465,270,0
470,270,0
475,270,0
480,270,0
485,270,0
490,270,0
495,270,0
500,270,0
505,270,0
510,270,0
515,270,0
520,270,0
525,270,0
530,270,0
535,270,0
540,270,0
545,270,0
550,270,0
555,270,0
560,270,0
565,270,0
570,270,0
575,270,0
580,270,0
585,270,0
590,270,0
595,270,0
600,270,0
605,270,0
610,270,0
615,270,0
620,270,0
625,270,0
630,270,0
635,270,0
640,270,0
645,270,0
650,270,0
655,270,0
660,270,0
665,270,0
670,270,0
675,270,0
680,270,0
685,270,0
690,270,0
695,270,0
700,270,0
705,270,0
420,275,0
425,275,0
430,275,0
435,275,0
440,275,0
445,275,0
450,275,0
455,275,0
460,275,0
465,275,0
470,275,0
475,275,0
480,275,0
485,275,0
490,275,0
495,275,0
500,275,0
505,275,0
510,275,0
515,275,0
520,275,0
525,275,0
530,275,0
535,275,0
540,275,0
545,275,0
550,275,0
555,275,0
560,275,0
565,275,0
570,275,0
575,275,0
580,275,0
585,275,0
590,275,0
595,275,0
600,275,0
605,275,0
610,275,0
615,275,0
620,275,0
625,275,0
630,275,0
635,275,0
640,275,0
645,275,0
650,275,0
655,275,0
660,275,0
665,275,0
670,275,0
675,275,0
680,275,0
685,275,0
690,275,0
695,275,0
700,275,0
705,275,0
420,280,0
425,280,0
430,280,0
435,280,0
440,280,0
445,280,0
450,280,0
455,280,0
460,280,0
465,280,0
470,280,0
475,280,0
480,280,0
485,280,0
490,280,0
495,280,0
500,280,0
505,280,0
510,280,0
515,280,0
520,280,0
525,280,0
530,280,0
535,280,0
540,280,0
545,280,0
550,280,0
555,280,0
560,280,0
565,280,0
570,280,0
575,280,0
580,280,0
585,280,0
590,280,0
595,280,0
600,280,0
605,280,0
610,280,0
615,280,0
620,280,0
625,280,0
630,280,0
635,280,0
640,280,0
645,280,0
650,280,0
655,280,0
660,280,0
665,280,0
670,280,0
675,280,0
680,280,0
685,280,0
690,280,0
695,280,0
700,280,0
705,280,0
420,285,0
425,285,0
430,285,0
435,285,0
440,285,0
445,285,0
450,285,0
455,285,0
460,285,0
465,285,0
470,285,0
475,285,0
480,285,0
485,285,0
490,285,0
495,285,0
500,285,0
505,285,0
510,285,0
515,285,0
520,285,0
525,285,0
530,285,0
535,285,0
540,285,0
545,285,0
550,285,0
555,285,0
560,285,0
565,285,0
570,285,0
575,285,0
580,285,0
585,285,0
590,285,0
595,285,0
600,285,0
605,285,0
610,285,0
615,285,0
620,285,0
625,285,0
630,285,0
635,285,0
640,285,0
645,285,0
650,285,0
655,285,0
660,285,0
665,285,0
670,285,0
675,285,0
680,285,0
685,285,0
690,285,0
695,285,0
700,285,0
705,285,0
420,290,0
425,290,0
430,290,0
435,290,0
440,290,0
445,290,0
450,290,0
455,290,0
460,290,0
465,290,0
470,290,0
475,290,0
480,290,0
485,290,0
490,290,0
495,290,0
500,290,0
505,290,0
510,290,0
515,290,0
520,290,0
525,290,0
530,290,0
535,290,0
540,290,0
545,290,0
550,290,0
555,290,0
560,290,0
565,290,0
570,290,0
575,290,0
580,290,0
585,290,0
590,290,0
595,290,0
600,290,0
605,290,0
610,290,0
615,290,0
620,290,0
625,290,0
630,290,0
635,290,0
640,290,0
645,290,0
650,290,0
655,290,0
660,290,0
665,290,0
670,290,0
675,290,0
680,290,0
685,290,0
690,290,0
695,290,0
700,290,0
705,290,0
420,295,0
425,295,0
430,295,0
435,295,0
440,295,0
445,295,0
450,295,0
455,295,0
460,295,0
465,295,0
470,295,0
475,295,0
480,295,0
485,295,0
490,295,0
495,295,0
500,295,0
505,295,0
510,295,0
515,295,0
520,295,0
525,295,0
530,295,0
535,295,0
540,295,0
545,295,0
550,295,0
555,295,0
560,295,0
565,295,0
570,295,0
575,295,0
580,295,0
585,295,0
590,295,0
595,295,0
600,295,0
605,295,0
610,295,0
615,295,0
620,295,0
625,295,0
630,295,0
635,295,0
640,295,0
645,295,0
650,295,0
655,295,0
660,295,0
665,295,0
670,295,0
675,295,0
680,295,0
685,295,0
690,295,0
695,295,0
700,295,0
705,295,0
420,300,0
425,300,0
430,300,0
435,300,0
440,300,0
445,300,0
450,300,0
455,300,0
460,300,0
465,300,0
470,300,0
475,300,0
480,300,0
485,300,0
490,300,0
495,300,0
500,300,0
505,300,0
510,300,0
515,300,0
520,300,0
525,300,0
530,300,0
535,300,0
540,300,0
545,300,0
550,300,0
555,300,0
560,300,0
565,300,0
570,300,0
575,300,0
580,300,0
585,300,0
590,300,0
595,300,0
600,300,0
605,300,0
610,300,0
615,300,0
620,300,0
625,300,0
630,300,0
635,300,0
640,300,0
645,300,0
650,300,0
655,300,0
660,300,0
665,300,0
670,300,0
675,300,0
680,300,0
685,300,0
690,300,0
695,300,0
700,300,0
705,300,0
420,305,0
425,305,0
430,305,0
435,305,0
440,305,0
445,305,0
450,305,0
455,305,0
460,305,0
465,305,0
470,305,0
475,305,0
480,305,0
485,305,0
490,305,0
495,305,0
500,305,0
505,305,0
510,305,0
515,305,0
520,305,0
525,305,0
530,305,0
535,305,0
540,305,0
545,305,0
550,305,0
555,305,0
560,305,0
565,305,0
570,305,0
575,305,0
580,305,0
585,305,0
590,305,0
595,305,0
600,305,0
605,305,0
610,305,0
615,305,0
620,305,0
625,305,0
630,305,0
635,305,0
640,305,0
645,305,0
650,305,0
655,305,0
660,305,0
665,305,0
670,305,0
675,305,0
680,305,0
685,305,0
690,305,0
695,305,0
700,305,0
705,305,0
420,310,0
425,310,0
430,310,0
435,310,0
440,310,0
445,310,0
450,310,0
455,310,0
460,310,0
465,310,0
470,310,0
475,310,0
480,310,0
485,310,0
490,310,0
495,310,0
500,310,0
505,310,0
510,310,0
515,310,0
520,310,0
525,310,0
530,310,0
535,310,0
540,310,0
545,310,0
550,310,0
555,310,0
560,310,0
565,310,0
570,310,0
575,310,0
580,310,0
585,310,0
590,310,0
595,310,0
600,310,0
605,310,0
610,310,0
615,310,0
620,310,0
625,310,0
630,310,0
635,310,0
640,310,0
645,310,0
650,310,0
655,310,0
660,310,0
665,310,0
670,310,0
675,310,0
680,310,0
685,310,0
690,310,0
695,310,0
700,310,0
705,310,0
420,315,0
425,315,0
430,315,0
435,315,0
440,315,0
445,315,0
450,315,0
455,315,0
460,315,0
465,315,0
470,315,0
475,315,0
480,315,0
485,315,0
490,315,0
495,315,0
500,315,0
505,315,0
510,315,0
515,315,0
520,315,0
525,315,0
530,315,0
535,315,0
540,315,0
545,315,0
550,315,0
555,315,0
560,315,0
565,315,0
570,315,0
575,315,0
580,315,0
585,315,0
590,315,0
595,315,0
600,315,0
605,315,0
610,315,0
615,315,0
620,315,0
625,315,0
630,315,0
635,315,0
640,315,0
645,315,0
650,315,0
655,315,0
660,315,0
665,315,0
670,315,0
675,315,0
680,315,0
685,315,0
690,315,0
695,315,0
700,315,0
705,315,0
420,320,0
425,320,0
430,320,0
435,320,0
440,320,0
445,320,0
450,320,0
455,320,0
460,320,0
465,320,0
470,320,0
475,320,0
480,320,0
485,320,0
490,320,0
495,320,0
500,320,0
505,320,0
510,320,0
515,320,0
520,320,0
525,320,0
530,320,0
535,320,0
540,320,0
545,320,0
550,320,0
555,320,0
560,320,0
565,320,0
570,320,0
575,320,0
580,320,0
585,320,0
590,320,0
595,320,0
600,320,0
605,320,0
610,320,0
615,320,0
620,320,0
625,320,0
630,320,0
635,320,0
640,320,0
645,320,0
650,320,0
655,320,0
660,320,0
665,320,0
670,320,0
675,320,0
680,320,0
685,320,0
690,320,0
695,320,0
700,320,0
705,320,0
420,325,0
425,325,0
430,325,0
435,325,0
440,325,0
445,325,0
450,325,0
455,325,0
460,325,0
465,325,0
470,325,0
475,325,0
480,325,0
485,325,0
490,325,0
495,325,0
500,325,0
505,325,0
510,325,0
515,325,0
520,325,0
525,325,0
530,325,0
535,325,0
540,325,0
545,325,0
550,325,0
555,325,0
560,325,0
565,325,0
570,325,0
575,325,0
580,325,0
585,325,0
590,325,0
595,325,0
600,325,0
605,325,0
610,325,0
615,325,0
620,325,0
625,325,0
630,325,0
635,325,0
640,325,0
645,325,0
650,325,0
655,325,0
660,325,0
665,325,0
670,325,0
675,325,0
680,325,0
685,325,0
690,325,0
695,325,0
700,325,0
425,330,0
430,330,0
435,330,0
440,330,0
445,330,0
450,330,0
455,330,0
460,330,0
465,330,0
470,330,0
475,330,0
480,330,0
485,330,0
490,330,0
495,330,0
500,330,0
505,330,0
510,330,0
515,330,0
520,330,0
525,330,0
530,330,0
535,330,0
540,330,0
545,330,0
550,330,0
555,330,0
560,330,0
565,330,0
570,330,0
575,330,0
580,330,0
585,330,0
590,330,0
595,330,0
600,330,0
605,330,0
610,330,0
615,330,0
620,330,0
625,330,0
630,330,0
635,330,0
640,330,0
645,330,0
650,330,0
655,330,0
660,330,0
665,330,0
670,330,0
675,330,0
680,330,0
685,330,0
690,330,0
695,330,0
700,330,0
425,335,0
430,335,0
435,335,0
440,335,0
445,335,0
450,335,0
455,335,0
460,335,0
465,335,0
470,335,0
475,335,0
480,335,0
485,335,0
490,335,0
495,335,0
500,335,0
505,335,0
510,335,0
515,335,0
520,335,0
525,335,0
530,335,0
535,335,0
540,335,0
545,335,0
550,335,0
555,335,0
560,335,0
565,335,0
570,335,0
575,335,0
580,335,0
585,335,0
590,335,0
595,335,0
600,335,0
605,335,0
610,335,0
615,335,0
620,335,0
625,335,0
630,335,0
635,335,0
640,335,0
645,335,0
650,335,0
655,335,0
660,335,0
665,335,0
670,335,0
675,335,0
680,335,0
685,335,0
690,335,0
695,335,0
700,335,0
425,340,0
430,340,0
435,340,0
440,340,0
445,340,0
450,340,0
455,340,0
460,340,0
465,340,0
470,340,0
475,340,0
480,340,0
485,340,0
490,340,0
495,340,0
500,340,0
505,340,0
510,340,0
515,340,0
520,340,0
525,340,0
530,340,0
535,340,0
540,340,0
545,340,0
550,340,0
555,340,0
560,340,0
565,340,0
570,340,0
575,340,0
580,340,0
585,340,0
590,340,0
595,340,0
600,340,0
605,340,0
610,340,0
615,340,0
620,340,0
625,340,0
630,340,0
635,340,0
640,340,0
645,340,0
650,340,0
655,340,0
660,340,0
665,340,0
670,340,0
675,340,0
680,340,0
685,340,0
690,340,0
695,340,0
700,340,0
430,345,0
435,345,0
440,345,0
445,345,0
450,345,0
455,345,0
460,345,0
465,345,0
470,345,0
475,345,0
480,345,0
485,345,0
490,345,0
495,345,0
500,345,0
505,345,0
510,345,0
515,345,0
520,345,0
525,345,0
530,345,0
535,345,0
540,345,0
545,345,0
550,345,0
555,345,0
560,345,0
565,345,0
570,345,0
575,345,0
580,345,0
585,345,0
590,345,0
595,345,0
600,345,0
605,345,0
610,345,0
615,345,0
620,345,0
625,345,0
630,345,0
635,345,0
640,345,0
645,345,0
650,345,0
655,345,0
660,345,0
665,345,0
670,345,0
675,345,0
680,345,0
685,345,0
690,345,0
695,345,0
430,350,0
435,350,0
440,350,0
445,350,0
450,350,0
455,350,0
460,350,0
465,350,0
470,350,0
475,350,0
480,350,0
485,350,0
490,350,0
495,350,0
500,350,0
505,350,0
510,350,0
515,350,0
520,350,0
525,350,0
530,350,0
535,350,0
540,350,0
545,350,0
550,350,0
555,350,0
560,350,0
565,350,0
570,350,0
575,350,0
580,350,0
585,350,0
590,350,0
595,350,0
600,350,0
605,350,0
610,350,0
615,350,0
620,350,0
625,350,0
630,350,0
635,350,0
640,350,0
645,350,0
650,350,0
655,350,0
660,350,0
665,350,0
670,350,0
675,350,0
680,350,0
685,350,0
690,350,0
695,350,0
435,355,0
440,355,0
445,355,0
450,355,0
455,355,0
460,355,0
465,355,0
470,355,0
475,355,0
480,355,0
485,355,0
490,355,0
495,355,0
500,355,0
505,355,0
510,355,0
515,355,0
520,355,0
525,355,0
530,355,0
535,355,0
540,355,0
545,355,0
550,355,0
555,355,0
560,355,0
565,355,0
570,355,0
575,355,0
580,355,0
585,355,0
590,355,0
595,355,0
600,355,0
605,355,0
610,355,0
615,355,0
620,355,0
625,355,0
630,355,0
635,355,0
640,355,0
645,355,0
650,355,0
655,355,0
660,355,0
665,355,0
670,355,0
675,355,0
680,355,0
685,355,0
690,355,0
435,360,0
440,360,0
445,360,0
450,360,0
455,360,0
460,360,0
465,360,0
470,360,0
475,360,0
480,360,0
485,360,0
490,360,0
495,360,0
500,360,0
505,360,0
510,360,0
515,360,0
520,360,0
525,360,0
530,360,0
535,360,0
540,360,0
545,360,0
550,360,0
555,360,0
560,360,0
565,360,0
570,360,0
575,360,0
580,360,0
585,360,0
590,360,0
595,360,0
600,360,0
605,360,0
610,360,0
615,360,0
620,360,0
625,360,0
630,360,0
635,360,0
640,360,0
645,360,0
650,360,0
655,360,0
660,360,0
665,360,0
670,360,0
675,360,0
680,360,0
685,360,0
690,360,0
440,365,0
445,365,0
450,365,0
455,365,0
460,365,0
465,365,0
470,365,0
475,365,0
480,365,0
485,365,0
490,365,0
495,365,0
500,365,0
505,365,0
510,365,0
515,365,0
520,365,0
525,365,0
530,365,0
535,365,0
540,365,0
545,365,0
550,365,0
555,365,0
560,365,0
565,365,0
570,365,0
575,365,0
580,365,0
585,365,0
590,365,0
595,365,0
600,365,0
605,365,0
610,365,0
615,365,0
620,365,0
625,365,0
630,365,0
635,365,0
640,365,0
645,365,0
650,365,0
655,365,0
660,365,0
665,365,0
670,365,0
675,365,0
680,365,0
685,365,0
440,370,0
445,370,0
450,370,0
455,370,0
460,370,0
465,370,0
470,370,0
475,370,0
480,370,0
485,370,0
490,370,0
495,370,0
500,370,0
505,370,0
510,370,0
515,370,0
520,370,0
525,370,0
530,370,0
535,370,0
540,370,0
545,370,0
550,370,0
555,370,0
560,370,0
565,370,0
570,370,0
575,370,0
580,370,0
585,370,0
590,370,0
595,370,0
600,370,0
605,370,0
610,370,0
615,370,0
620,370,0
625,370,0
630,370,0
635,370,0
640,370,0
645,370,0
650,370,0
655,370,0
660,370,0
665,370,0
670,370,0
675,370,0
680,370,0
685,370,0
445,375,0
450,375,0
455,375,0
460,375,0
465,375,0
470,375,0
475,375,0
480,375,0
485,375,0
490,375,0
495,375,0
500,375,0
505,375,0
510,375,0
515,375,0
520,375,0
525,375,0
530,375,0
535,375,0
540,375,0
545,375,0
550,375,0
555,375,0
560,375,0
565,375,0
570,375,0
575,375,0
580,375,0
585,375,0
590,375,0
595,375,0
600,375,0
605,375,0
610,375,0
615,375,0
620,375,0
625,375,0
630,375,0
635,375,0
640,375,0
645,375,0
650,375,0
655,375,0
660,375,0
665,375,0
670,375,0
675,375,0
680,375,0
445,380,0
450,380,0
455,380,0
460,380,0
465,380,0
470,380,0
475,380,0
480,380,0
485,380,0
490,380,0
495,380,0
500,380,0
505,380,0
510,380,0
515,380,0
520,380,0
525,380,0
530,380,0
535,380,0
540,380,0
545,380,0
550,380,0
555,380,0
560,380,0
565,380,0
570,380,0
575,380,0
580,380,0
585,380,0
590,380,0
595,380,0
600,380,0
605,380,0
610,380,0
615,380,0
620,380,0
625,380,0
630,380,0
635,380,0
640,380,0
645,380,0
650,380,0
655,380,0
660,380,0
665,380,0
670,380,0
675,380,0
680,380,0
450,385,0
455,385,0
460,385,0
465,385,0
470,385,0
475,385,0
480,385,0
485,385,0
490,385,0
495,385,0
500,385,0
505,385,0
510,385,0
515,385,0
520,385,0
525,385,0
530,385,0
535,385,0
540,385,0
545,385,0
550,385,0
555,385,0
560,385,0
565,385,0
570,385,0
575,385,0
580,385,0
585,385,0
590,385,0
595,385,0
600,385,0
605,385,0
610,385,0
615,385,0
620,385,0
625,385,0
630,385,0
635,385,0
640,385,0
645,385,0
650,385,0
655,385,0
660,385,0
665,385,0
670,385,0
675,385,0
455,390,0
460,390,0
465,390,0
470,390,0
475,390,0
480,390,0
485,390,0
490,390,0
495,390,0
500,390,0
505,390,0
510,390,0
515,390,0
520,390,0
525,390,0
530,390,0
535,390,0
540,390,0
545,390,0
550,390,0
555,390,0
560,390,0
565,390,0
570,390,0
575,390,0
580,390,0
585,390,0
590,390,0
595,390,0
600,390,0
605,390,0
610,390,0
615,390,0
620,390,0
625,390,0
630,390,0
635,390,0
640,390,0
645,390,0
650,390,0
655,390,0
660,390,0
665,390,0
670,390,0
460,395,0
465,395,0
470,395,0
475,395,0
480,395,0
485,395,0
490,395,0
495,395,0
500,395,0
505,395,0
510,395,0
515,395,0
520,395,0
525,395,0
530,395,0
535,395,0
540,395,0
545,395,0
550,395,0
555,395,0
560,395,0
565,395,0
570,395,0
575,395,0
580,395,0
585,395,0
590,395,0
595,395,0
600,395,0
605,395,0
610,395,0
615,395,0
620,395,0
625,395,0
630,395,0
635,395,0
640,395,0
645,395,0
650,395,0
655,395,0
660,395,0
665,395,0
465,400,0
470,400,0
475,400,0
480,400,0
485,400,0
490,400,0
495,400,0
500,400,0
505,400,0
510,400,0
515,400,0
520,400,0
525,400,0
530,400,0
535,400,0
540,400,0
545,400,0
550,400,0
555,400,0
560,400,0
565,400,0
570,400,0
575,400,0
580,400,0
585,400,0
590,400,0
595,400,0
600,400,0
605,400,0
610,400,0
615,400,0
620,400,0
625,400,0
630,400,0
635,400,0
640,400,0
645,400,0
650,400,0
655,400,0
660,400,0
470,405,0
475,405,0
480,405,0
485,405,0
490,405,0
495,405,0
500,405,0
505,405,0
510,405,0
515,405,0
520,405,0
525,405,0
530,405,0
535,405,0
540,405,0
545,405,0
550,405,0
555,405,0
560,405,0
565,405,0
570,405,0
575,405,0
580,405,0
585,405,0
590,405,0
595,405,0
600,405,0
605,405,0
610,405,0
615,405,0
620,405,0
625,405,0
630,405,0
635,405,0
640,405,0
645,405,0
650,405,0
655,405,0
475,410,0
480,410,0
485,410,0
490,410,0
495,410,0
500,410,0
505,410,0
510,410,0
515,410,0
520,410,0
525,410,0
530,410,0
535,410,0
540,410,0
545,410,0
550,410,0
555,410,0
560,410,0
565,410,0
570,410,0
575,410,0
580,410,0
585,410,0
590,410,0
595,410,0
600,410,0
605,410,0
610,410,0
615,410,0
620,410,0
625,410,0
630,410,0
635,410,0
640,410,0
645,410,0
650,410,0
480,415,0
485,415,0
490,415,0
495,415,0
500,415,0
505,415,0
510,415,0
515,415,0
520,415,0
525,415,0
530,415,0
535,415,0
540,415,0
545,415,0
550,415,0
555,415,0
560,415,0
565,415,0
570,415,0
575,415,0
580,415,0
585,415,0
590,415,0
595,415,0
600,415,0
605,415,0
610,415,0
615,415,0
620,415,0
625,415,0
630,415,0
635,415,0
640,415,0
645,415,0
490,420,0
495,420,0
500,420,0
505,420,0
510,420,0
515,420,0
520,420,0
525,420,0
530,420,0
535,420,0
540,420,0
545,420,0
550,420,0
555,420,0
560,420,0
565,420,0
570,420,0
575,420,0
580,420,0
585,420,0
590,420,0
595,420,0
600,420,0
605,420,0
610,420,0
615,420,0
620,420,0
625,420,0
630,420,0
635,420,0
500,425,0
505,425,0
510,425,0
515,425,0
520,425,0
525,425,0
530,425,0
535,425,0
540,425,0
545,425,0
550,425,0
555,425,0
560,425,0
565,425,0
570,425,0
575,425,0
580,425,0
585,425,0
590,425,0
595,425,0
600,425,0
605,425,0
610,425,0
615,425,0
620,425,0
625,425,0
630,425,0
510,430,0
515,430,0
520,430,0
525,430,0
530,430,0
535,430,0
540,430,0
545,430,0
550,430,0
555,430,0
560,430,0
565,430,0
570,430,0
575,430,0
580,430,0
585,430,0
590,430,0
595,430,0
600,430,0
605,430,0
610,430,0
615,430,0
620,430,0
520,435,0
525,435,0
530,435,0
535,435,0
540,435,0
545,435,0
550,435,0
555,435,0
560,435,0
565,435,0
570,435,0
575,435,0
580,435,0
585,435,0
590,435,0
595,435,0
600,435,0
605,435,0
550,440,0
555,440,0
560,440,0
565,440,0
570,440,0
575,440,0
550,145,-0.015
555,145,-0.013
560,145,-0.011
565,145,-0.01
570,145,-0.008
520,150,-0.014
525,150,-0.014
530,150,-0.013
535,150,-0.013
540,150,-0.012
545,150,-0.012
550,150,-0.012
555,150,-0.011
560,150,-0.011
565,150,-0.011
570,150,-0.01
575,150,-0.01
580,150,-0.009
585,150,-0.009
590,150,-0.009
595,150,-0.008
510,155,-0.012
515,155,-0.012
520,155,-0.012
525,155,-0.011
530,155,-0.011
535,155,-0.011
540,155,-0.011
545,155,-0.01
550,155,-0.01
555,155,-0.01
560,155,-0.009
565,155,-0.009
570,155,-0.009
575,155,-0.009
580,155,-0.008
585,155,-0.008
590,155,-0.008
595,155,-0.008
600,155,-0.007
605,155,-0.007
610,155,-0.007
500,160,-0.011
505,160,-0.011
510,160,-0.011
515,160,-0.01
520,160,-0.01
525,160,-0.01
530,160,-0.009
535,160,-0.009
540,160,-0.009
545,160,-0.009
550,160,-0.008
555,160,-0.008
560,160,-0.008
565,160,-0.007
570,160,-0.007
575,160,-0.007
580,160,-0.007
585,160,-0.006
590,160,-0.006
595,160,-0.006
600,160,-0.005
605,160,-0.005
610,160,-0.005
615,160,-0.005
620,160,-0.004
490,165,-0.011
495,165,-0.011
500,165,-0.01
505,165,-0.01
510,165,-0.01
515,165,-0.009
520,165,-0.009
525,165,-0.009
530,165,-0.008
535,165,-0.008
540,165,-0.008
545,165,-0.008
550,165,-0.007
555,165,-0.007
560,165,-0.007
565,165,-0.006
570,165,-0.006
575,165,-0.006
580,165,-0.005
585,165,-0.005
590,165,-0.005
595,165,-0.005
600,165,-0.004
605,165,-0.004
610,165,-0.004
615,165,-0.003
620,165,-0.003
625,165,-0.003
630,165,-0.003
480,170,-0.012
485,170,-0.011
490,170,-0.011
495,170,-0.011
500,170,-0.01
505,170,-0.01
510,170,-0.01
515,170,-0.01
520,170,-0.009
525,170,-0.009
530,170,-0.009
535,170,-0.008
540,170,-0.008
545,170,-0.008
550,170,-0.008
555,170,-0.007
560,170,-0.007
565,170,-0.007
570,170,-0.006
575,170,-0.006
580,170,-0.006
585,170,-0.006
590,170,-0.005
595,170,-0.005
600,170,-0.005
605,170,-0.004
610,170,-0.004
615,170,-0.004
620,170,-0.004
625,170,-0.003
630,170,-0.003
635,170,-0.003
640,170,-0.002
475,175,-0.012
480,175,-0.011
485,175,-0.011
490,175,-0.011
495,175,-0.01
500,175,-0.01
505,175,-0.01
510,175,-0.01
515,175,-0.009
520,175,-0.009
525,175,-0.009
530,175,-0.008
535,175,-0.008
540,175,-0.008
545,175,-0.007
550,175,-0.007
555,175,-0.007
560,175,-0.007
565,175,-0.006
570,175,-0.006
575,175,-0.006
580,175,-0.005
585,175,-0.005
590,175,-0.005
595,175,-0.005
600,175,-0.004
605,175,-0.004
610,175,-0.004
615,175,-0.003
620,175,-0.003
625,175,-0.003
630,175,-0.002
635,175,-0.002
640,175,-0.002
645,175,-0.002
470,180,-0.012
475,180,-0.011
480,180,-0.011
485,180,-0.011
490,180,-0.01
495,180,-0.01
500,180,-0.01
505,180,-0.009
510,180,-0.009
515,180,-0.009
520,180,-0.008
525,180,-0.008
530,180,-0.008
535,180,-0.007
540,180,-0.007
545,180,-0.007
550,180,-0.006
555,180,-0.006
560,180,-0.006
565,180,-0.006
570,180,-0.005
575,180,-0.005
580,180,-0.005
585,180,-0.004
590,180,-0.004
595,180,-0.004
600,180,-0.003
605,180,-0.003
610,180,-0.003
615,180,-0.002
620,180,-0.002
625,180,-0.002
630,180,-0.001
635,180,-0.001
640,180,-0.001
645,180,-0
650,180,0
465,185,-0.011
470,185,-0.011
475,185,-0.011
480,185,-0.01
485,185,-0.01
490,185,-0.01
495,185,-0.009
500,185,-0.009
505,185,-0.009
510,185,-0.008
515,185,-0.008
520,185,-0.008
525,185,-0.007
530,185,-0.007
535,185,-0.007
540,185,-0.006
545,185,-0.006
550,185,-0.006
555,185,-0.005
560,185,-0.005
565,185,-0.005
570,185,-0.004
575,185,-0.004
580,185,-0.004
585,185,-0.003
590,185,-0.003
595,185,-0.003
600,185,-0.003
605,185,-0.002
610,185,-0.002
615,185,-0.002
620,185,-0.001
625,185,-0.001
630,185,-0.001
635,185,-0
640,185,0
645,185,0
650,185,0.001
655,185,0.001
660,185,0.001
460,190,-0.011
465,190,-0.011
470,190,-0.011
475,190,-0.01
480,190,-0.01
485,190,-0.01
490,190,-0.009
495,190,-0.009
500,190,-0.009
505,190,-0.008
510,190,-0.008
515,190,-0.008
520,190,-0.007
525,190,-0.007
530,190,-0.007
535,190,-0.006
540,190,-0.006
545,190,-0.006
550,190,-0.005
555,190,-0.005
560,190,-0.004
565,190,-0.004
570,190,-0.004
575,190,-0.003
580,190,-0.003
585,190,-0.003
590,190,-0.002
595,190,-0.002
600,190,-0.002
605,190,-0.001
610,190,-0.001
615,190,-0.001
620,190,-0
625,190,0
630,190,0
635,190,0.001
640,190,0.001
645,190,0.001
650,190,0.002
655,190,0.002
660,190,0.003
665,190,0.003
455,195,-0.012
460,195,-0.011
465,195,-0.011
470,195,-0.011
475,195,-0.01
480,195,-0.01
485,195,-0.01
490,195,-0.009
495,195,-0.009
500,195,-0.008
505,195,-0.008
510,195,-0.008
515,195,-0.007
520,195,-0.007
525,195,-0.007
530,195,-0.006
535,195,-0.006
540,195,-0.006
545,195,-0.005
550,195,-0.005
555,195,-0.004
560,195,-0.004
565,195,-0.004
570,195,-0.003
575,195,-0.003
580,195,-0.003
585,195,-0.002
590,195,-0.002
595,195,-0.001
600,195,-0.001
605,195,-0.001
610,195,-0
615,195,0
620,195,0
625,195,0.001
630,195,0.001
635,195,0.002
640,195,0.002
645,195,0.002
650,195,0.003
655,195,0.003
660,195,0.003
665,195,0.004
670,195,0.004
450,200,-0.012
455,200,-0.011
460,200,-0.011
465,200,-0.011
470,200,-0.01
475,200,-0.01
480,200,-0.009
485,200,-0.009
490,200,-0.009
495,200,-0.008
500,200,-0.008
505,200,-0.008
510,200,-0.007
515,200,-0.007
520,200,-0.006
525,200,-0.006
530,200,-0.006
535,200,-0.005
540,200,-0.005
545,200,-0.004
550,200,-0.004
555,200,-0.004
560,200,-0.003
565,200,-0.003
570,200,-0.003
575,200,-0.002
580,200,-0.002
585,200,-0.001
590,200,-0.001
595,200,-0.001
600,200,-0
605,200,0
610,200,0.001
615,200,0.001
620,200,0.001
625,200,0.002
630,200,0.002
635,200,0.002
640,200,0.003
645,200,0.003
650,200,0.004
655,200,0.004
660,200,0.004
665,200,0.005
670,200,0.005
445,205,-0.011
450,205,-0.011
455,205,-0.01
460,205,-0.01
465,205,-0.01
470,205,-0.009
475,205,-0.009
480,205,-0.009
485,205,-0.008
490,205,-0.008
495,205,-0.007
500,205,-0.007
505,205,-0.007
510,205,-0.006
515,205,-0.006
520,205,-0.006
525,205,-0.005
530,205,-0.005
535,205,-0.005
540,205,-0.004
545,205,-0.004
550,205,-0.003
555,205,-0.003
560,205,-0.003
565,205,-0.002
570,205,-0.002
575,205,-0.002
580,205,-0.001
585,205,-0.001
590,205,-0.001
595,205,-0
600,205,0
605,205,0.001
610,205,0.001
615,205,0.001
620,205,0.002
625,205,0.002
630,205,0.002
635,205,0.003
640,205,0.003
645,205,0.003
650,205,0.004
655,205,0.004
660,205,0.005
665,205,0.005
670,205,0.005
675,205,0.006
445,210,-0.01
450,210,-0.01
455,210,-0.01
460,210,-0.009
465,210,-0.009
470,210,-0.009
475,210,-0.008
480,210,-0.008
485,210,-0.008
490,210,-0.007
495,210,-0.007
500,210,-0.007
505,210,-0.006
510,210,-0.006
515,210,-0.006
520,210,-0.005
525,210,-0.005
530,210,-0.005
535,210,-0.004
540,210,-0.004
545,210,-0.004
550,210,-0.003
555,210,-0.003
560,210,-0.003
565,210,-0.002
570,210,-0.002
575,210,-0.002
580,210,-0.001
585,210,-0.001
590,210,-0.001
595,210,-0
600,210,0
605,210,0
610,210,0.001
615,210,0.001
620,210,0.001
625,210,0.002
630,210,0.002
635,210,0.002
640,210,0.003
645,210,0.003
650,210,0.003
655,210,0.004
660,210,0.004
665,210,0.004
670,210,0.005
675,210,0.005
680,210,0.005
440,215,-0.01
445,215,-0.009
450,215,-0.009
455,215,-0.009
460,215,-0.009
465,215,-0.008
470,215,-0.008
475,215,-0.008
480,215,-0.007
485,215,-0.007
490,215,-0.007
495,215,-0.006
500,215,-0.006
505,215,-0.006
510,215,-0.006
515,215,-0.005
520,215,-0.005
525,215,-0.005
530,215,-0.004
535,215,-0.004
540,215,-0.004
545,215,-0.003
550,215,-0.003
555,215,-0.003
560,215,-0.003
565,215,-0.002
570,215,-0.002
575,215,-0.002
580,215,-0.001
585,215,-0.001
590,215,-0.001
595,215,-0.001
600,215,-0
605,215,0
610,215,0
615,215,0.001
620,215,0.001
625,215,0.001
630,215,0.002
635,215,0.002
640,215,0.002
645,215,0.002
650,215,0.003
655,215,0.003
660,215,0.003
665,215,0.004
670,215,0.004
675,215,0.004
680,215,0.005
440,220,-0.009
445,220,-0.009
450,220,-0.009
455,220,-0.008
460,220,-0.008
465,220,-0.008
470,220,-0.008
475,220,-0.007
480,220,-0.007
485,220,-0.007
490,220,-0.006
495,220,-0.006
500,220,-0.006
505,220,-0.005
510,220,-0.005
515,220,-0.005
520,220,-0.005
525,220,-0.004
530,220,-0.004
535,220,-0.004
540,220,-0.003
545,220,-0.003
550,220,-0.003
555,220,-0.003
560,220,-0.002
565,220,-0.002
570,220,-0.002
575,220,-0.001
580,220,-0.001
585,220,-0.001
590,220,-0.001
595,220,-0
600,220,-0
605,220,0
610,220,0.001
615,220,0.001
620,220,0.001
625,220,0.001
630,220,0.002
635,220,0.002
640,220,0.002
645,220,0.003
650,220,0.003
655,220,0.003
660,220,0.003
665,220,0.004
670,220,0.004
675,220,0.004
680,220,0.005
685,220,0.005
435,225,-0.009
440,225,-0.009
445,225,-0.008
450,225,-0.008
455,225,-0.008
460,225,-0.008
465,225,-0.007
470,225,-0.007
475,225,-0.007
480,225,-0.006
485,225,-0.006
490,225,-0.006
495,225,-0.005
500,225,-0.005
505,225,-0.005
510,225,-0.005
515,225,-0.004
520,225,-0.004
525,225,-0.004
530,225,-0.003
535,225,-0.003
540,225,-0.003
545,225,-0.003
550,225,-0.002
555,225,-0.002
560,225,-0.002
565,225,-0.001
570,225,-0.001
575,225,-0.001
580,225,-0
585,225,-0
590,225,0
595,225,0
600,225,0.001
605,225,0.001
610,225,0.001
615,225,0.002
620,225,0.002
625,225,0.002
630,225,0.002
635,225,0.003
640,225,0.003
645,225,0.003
650,225,0.004
655,225,0.004
660,225,0.004
665,225,0.005
670,225,0.005
675,225,0.005
680,225,0.005
685,225,0.006
690,225,0.006
435,230,-0.008
440,230,-0.008
445,230,-0.008
450,230,-0.008
455,230,-0.007
460,230,-0.007
465,230,-0.007
470,230,-0.006
475,230,-0.006
480,230,-0.006
485,230,-0.005
490,230,-0.005
495,230,-0.005
500,230,-0.005
505,230,-0.004
510,230,-0.004
515,230,-0.004
520,230,-0.003
525,230,-0.003
530,230,-0.003
535,230,-0.002
540,230,-0.002
545,230,-0.002
550,230,-0.002
555,230,-0.001
560,230,-0.001
565,230,-0.001
570,230,-0
575,230,-0
580,230,0
585,230,0.001
590,230,0.001
595,230,0.001
600,230,0.001
605,230,0.002
610,230,0.002
615,230,0.002
620,230,0.003
625,230,0.003
630,230,0.003
635,230,0.004
640,230,0.004
645,230,0.004
650,230,0.004
655,230,0.005
660,230,0.005
665,230,0.005
670,230,0.006
675,230,0.006
680,230,0.006
685,230,0.007
690,230,0.007
430,235,-0.007
435,235,-0.007
440,235,-0.007
445,235,-0.006
450,235,-0.006
455,235,-0.006
460,235,-0.006
465,235,-0.005
470,235,-0.005
475,235,-0.005
480,235,-0.005
485,235,-0.004
490,235,-0.004
495,235,-0.004
500,235,-0.004
505,235,-0.003
510,235,-0.003
515,235,-0.003
520,235,-0.002
525,235,-0.002
530,235,-0.002
535,235,-0.002
540,235,-0.001
545,235,-0.001
550,235,-0.001
555,235,-0.001
560,235,-0
565,235,-0
570,235,0
575,235,0
580,235,0.001
585,235,0.001
590,235,0.001
595,235,0.002
600,235,0.002
605,235,0.002
610,235,0.002
615,235,0.003
620,235,0.003
625,235,0.003
630,235,0.003
635,235,0.004
640,235,0.004
645,235,0.004
650,235,0.004
655,235,0.005
660,235,0.005
665,235,0.005
670,235,0.006
675,235,0.006
680,235,0.006
685,235,0.006
690,235,0.007
695,235,0.007
430,240,-0.006
435,240,-0.006
440,240,-0.006
445,240,-0.005
450,240,-0.005
455,240,-0.005
460,240,-0.005
465,240,-0.004
470,240,-0.004
475,240,-0.004
480,240,-0.004
485,240,-0.003
490,240,-0.003
495,240,-0.003
500,240,-0.003
505,240,-0.002
510,240,-0.002
515,240,-0.002
520,240,-0.002
525,240,-0.001
530,240,-0.001
535,240,-0.001
540,240,-0.001
545,240,-0
550,240,-0
555,240,0
560,240,0
565,240,0.001
570,240,0.001
575,240,0.001
580,240,0.001
585,240,0.002
590,240,0.002
595,240,0.002
600,240,0.002
605,240,0.003
610,240,0.003
615,240,0.003
620,240,0.003
625,240,0.004
630,240,0.004
635,240,0.004
640,240,0.004
645,240,0.005
650,240,0.005
655,240,0.005
660,240,0.005
665,240,0.006
670,240,0.006
675,240,0.006
680,240,0.007
685,240,0.007
690,240,0.007
695,240,0.007
425,245,-0.006
430,245,-0.006
435,245,-0.006
440,245,-0.005
445,245,-0.005
450,245,-0.005
455,245,-0.005
460,245,-0.004
465,245,-0.004
470,245,-0.004
475,245,-0.004
480,245,-0.003
485,245,-0.003
490,245,-0.003
495,245,-0.003
500,245,-0.002
505,245,-0.002
510,245,-0.002
515,245,-0.001
520,245,-0.001
525,245,-0.001
530,245,-0.001
535,245,-0
540,245,-0
545,245,0
550,245,0
555,245,0.001
560,245,0.001
565,245,0.001
570,245,0.001
575,245,0.002
580,245,0.002
585,245,0.002
590,245,0.003
595,245,0.003
600,245,0.003
605,245,0.003
610,245,0.004
615,245,0.004
620,245,0.004
625,245,0.004
630,245,0.005
635,245,0.005
640,245,0.005
645,245,0.006
650,245,0.006
655,245,0.006
660,245,0.006
665,245,0.007
670,245,0.007
675,245,0.007
680,245,0.007
685,245,0.008
690,245,0.008
695,245,0.008
425,250,-0.006
430,250,-0.006
435,250,-0.006
440,250,-0.006
445,250,-0.005
450,250,-0.005
455,250,-0.005
460,250,-0.005
465,250,-0.004
470,250,-0.004
475,250,-0.004
480,250,-0.004
485,250,-0.003
490,250,-0.003
495,250,-0.003
500,250,-0.002
505,250,-0.002
510,250,-0.002
515,250,-0.002
520,250,-0.001
525,250,-0.001
530,250,-0.001
535,250,-0.001
540,250,-0
545,250,0
550,250,0
555,250,0.001
560,250,0.001
565,250,0.001
570,250,0.001
575,250,0.002
580,250,0.002
585,250,0.002
590,250,0.002
595,250,0.003
600,250,0.003
605,250,0.003
610,250,0.004
615,250,0.004
620,250,0.004
625,250,0.004
630,250,0.005
635,250,0.005
640,250,0.005
645,250,0.005
650,250,0.006
655,250,0.006
660,250,0.006
665,250,0.007
670,250,0.007
675,250,0.007
680,250,0.007
685,250,0.008
690,250,0.008
695,250,0.008
700,250,0.008
425,255,-0.006
430,255,-0.006
435,255,-0.006
440,255,-0.005
445,255,-0.005
450,255,-0.005
455,255,-0.005
460,255,-0.004
465,255,-0.004
470,255,-0.004
475,255,-0.004
480,255,-0.003
485,255,-0.003
490,255,-0.003
495,255,-0.003
500,255,-0.002
505,255,-0.002
510,255,-0.002
515,255,-0.001
520,255,-0.001
525,255,-0.001
530,255,-0.001
535,255,-0
540,255,-0
545,255,0
550,255,0
555,255,0.001
560,255,0.001
565,255,0.001
570,255,0.001
575,255,0.002
580,255,0.002
585,255,0.002
590,255,0.002
595,255,0.003
600,255,0.003
605,255,0.003
610,255,0.003
615,255,0.004
620,255,0.004
625,255,0.004
630,255,0.005
635,255,0.005
640,255,0.005
645,255,0.005
650,255,0.006
655,255,0.006
660,255,0.006
665,255,0.006
670,255,0.007
675,255,0.007
680,255,0.007
685,255,0.007
690,255,0.008
695,255,0.008
700,255,0.008
420,260,-0.007
425,260,-0.007
430,260,-0.007
435,260,-0.007
440,260,-0.006
445,260,-0.006
450,260,-0.006
455,260,-0.005
460,260,-0.005
465,260,-0.005
470,260,-0.005
475,260,-0.004
480,260,-0.004
485,260,-0.004
490,260,-0.003
495,260,-0.003
500,260,-0.003
505,260,-0.003
510,260,-0.002
515,260,-0.002
520,260,-0.002
525,260,-0.001
530,260,-0.001
535,260,-0.001
540,260,-0.001
545,260,-0
550,260,0
555,260,0
560,260,0.001
565,260,0.001
570,260,0.001
575,260,0.001
580,260,0.002
585,260,0.002
590,260,0.002
595,260,0.003
600,260,0.003
605,260,0.003
610,260,0.003
615,260,0.004
620,260,0.004
625,260,0.004
630,260,0.005
635,260,0.005
640,260,0.005
645,260,0.006
650,260,0.006
655,260,0.006
660,260,0.006
665,260,0.007
670,260,0.007
675,260,0.007
680,260,0.008
685,260,0.008
690,260,0.008
695,260,0.008
700,260,0.009
420,265,-0.008
425,265,-0.008
430,265,-0.008
435,265,-0.007
440,265,-0.007
445,265,-0.007
450,265,-0.006
455,265,-0.006
460,265,-0.006
465,265,-0.005
470,265,-0.005
475,265,-0.005
480,265,-0.005
485,265,-0.004
490,265,-0.004
495,265,-0.004
500,265,-0.003
505,265,-0.003
510,265,-0.003
515,265,-0.002
520,265,-0.002
525,265,-0.002
530,265,-0.002
535,265,-0.001
540,265,-0.001
545,265,-0.001
550,265,-0
555,265,-0
560,265,0
565,265,0
570,265,0.001
575,265,0.001
580,265,0.001
585,265,0.002
590,265,0.002
595,265,0.002
600,265,0.003
605,265,0.003
610,265,0.003
615,265,0.003
620,265,0.004
625,265,0.004
630,265,0.004
635,265,0.005
640,265,0.005
645,265,0.005
650,265,0.005
655,265,0.006
660,265,0.006
665,265,0.006
670,265,0.007
675,265,0.007
680,265,0.007
685,265,0.008
690,265,0.008
695,265,0.008
700,265,0.008
420,270,-0.009
425,270,-0.009
430,270,-0.008
435,270,-0.008
440,270,-0.008
445,270,-0.008
450,270,-0.007
455,270,-0.007
460,270,-0.007
465,270,-0.006
470,270,-0.006
475,270,-0.006
480,270,-0.005
485,270,-0.005
490,270,-0.005
495,270,-0.005
500,270,-0.004
505,270,-0.004
510,270,-0.004
515,270,-0.003
520,270,-0.003
525,270,-0.003
530,270,-0.002
535,270,-0.002
540,270,-0.002
545,270,-0.002
550,270,-0.001
555,270,-0.001
560,270,-0.001
565,270,-0
570,270,-0
575,270,0
580,270,0.001
585,270,0.001
590,270,0.001
595,270,0.001
600,270,0.002
605,270,0.002
610,270,0.002
615,270,0.003
620,270,0.003
625,270,0.003
630,270,0.004
635,270,0.004
640,270,0.004
645,270,0.004
650,270,0.005
655,270,0.005
660,270,0.005
665,270,0.006
670,270,0.006
675,270,0.006
680,270,0.007
685,270,0.007
690,270,0.007
695,270,0.007
700,270,0.008
705,270,0.008
420,275,-0.009
425,275,-0.009
430,275,-0.008
435,275,-0.008
440,275,-0.008
445,275,-0.008
450,275,-0.007
455,275,-0.007
460,275,-0.007
465,275,-0.007
470,275,-0.006
475,275,-0.006
480,275,-0.006
485,275,-0.005
490,275,-0.005
495,275,-0.005
500,275,-0.005
505,275,-0.004
510,275,-0.004
515,275,-0.004
520,275,-0.003
525,275,-0.003
530,275,-0.003
535,275,-0.003
540,275,-0.002
545,275,-0.002
550,275,-0.002
555,275,-0.002
560,275,-0.001
565,275,-0.001
570,275,-0.001
575,275,-0
580,275,-0
585,275,0
590,275,0
595,275,0.001
600,275,0.001
605,275,0.001
610,275,0.001
615,275,0.002
620,275,0.002
625,275,0.002
630,275,0.003
635,275,0.003
640,275,0.003
645,275,0.003
650,275,0.004
655,275,0.004
660,275,0.004
665,275,0.005
670,275,0.005
675,275,0.005
680,275,0.005
685,275,0.006
690,275,0.006
695,275,0.006
700,275,0.006
705,275,0.007
420,280,-0.009
425,280,-0.008
430,280,-0.008
435,280,-0.008
440,280,-0.008
445,280,-0.007
450,280,-0.007
455,280,-0.007
460,280,-0.007
465,280,-0.006
470,280,-0.006
475,280,-0.006
480,280,-0.006
485,280,-0.005
490,280,-0.005
495,280,-0.005
500,280,-0.005
505,280,-0.004
510,280,-0.004
515,280,-0.004
520,280,-0.004
525,280,-0.004
530,280,-0.003
535,280,-0.003
540,280,-0.003
545,280,-0.003
550,280,-0.002
555,280,-0.002
560,280,-0.002
565,280,-0.002
570,280,-0.001
575,280,-0.001
580,280,-0.001
585,280,-0.001
590,280,-0
595,280,-0
600,280,0
605,280,0
610,280,0.001
615,280,0.001
620,280,0.001
625,280,0.001
630,280,0.002
635,280,0.002
640,280,0.002
645,280,0.002
650,280,0.003
655,280,0.003
660,280,0.003
665,280,0.003
670,280,0.004
675,280,0.004
680,280,0.004
685,280,0.004
690,280,0.005
695,280,0.005
700,280,0.005
705,280,0.005
420,285,-0.009
425,285,-0.009
430,285,-0.009
435,285,-0.008
440,285,-0.008
445,285,-0.008
450,285,-0.008
455,285,-0.007
460,285,-0.007
465,285,-0.007
470,285,-0.007
475,285,-0.006
480,285,-0.006
485,285,-0.006
490,285,-0.006
495,285,-0.005
500,285,-0.005
505,285,-0.005
510,285,-0.005
515,285,-0.004
520,285,-0.004
525,285,-0.004
530,285,-0.004
535,285,-0.003
540,285,-0.003
545,285,-0.003
550,285,-0.003
555,285,-0.002
560,285,-0.002
565,285,-0.002
570,285,-0.002
575,285,-0.001
580,285,-0.001
585,285,-0.001
590,285,-0.001
595,285,-0.001
600,285,-0
605,285,-0
610,285,0
615,285,0
620,285,0.001
625,285,0.001
630,285,0.001
635,285,0.001
640,285,0.002
645,285,0.002
650,285,0.002
655,285,0.002
660,285,0.003
665,285,0.003
670,285,0.003
675,285,0.003
680,285,0.004
685,285,0.004
690,285,0.004
695,285,0.004
700,285,0.005
705,285,0.005
420,290,-0.01
425,290,-0.009
430,290,-0.009
435,290,-0.009
440,290,-0.009
445,290,-0.008
450,290,-0.008
455,290,-0.008
460,290,-0.008
465,290,-0.007
470,290,-0.007
475,290,-0.007
480,290,-0.007
485,290,-0.006
490,290,-0.006
495,290,-0.006
500,290,-0.006
505,290,-0.005
510,290,-0.005
515,290,-0.005
520,290,-0.005
525,290,-0.005
530,290,-0.004
535,290,-0.004
540,290,-0.004
545,290,-0.004
550,290,-0.003
555,290,-0.003
560,290,-0.003
565,290,-0.003
570,290,-0.002
575,290,-0.002
580,290,-0.002
585,290,-0.002
590,290,-0.001
595,290,-0.001
600,290,-0.001
605,290,-0.001
610,290,-0
615,290,-0
620,290,0
625,290,0
630,290,0.001
635,290,0.001
640,290,0.001
645,290,0.001
650,290,0.002
655,290,0.002
660,290,0.002
665,290,0.002
670,290,0.003
675,290,0.003
680,290,0.003
685,290,0.003
690,290,0.004
695,290,0.004
700,290,0.004
705,290,0.004
420,295,-0.009
425,295,-0.008
430,295,-0.008
435,295,-0.008
440,295,-0.008
445,295,-0.008
450,295,-0.007
455,295,-0.007
460,295,-0.007
465,295,-0.007
470,295,-0.007
475,295,-0.006
480,295,-0.006
485,295,-0.006
490,295,-0.006
495,295,-0.006
500,295,-0.005
505,295,-0.005
510,295,-0.005
515,295,-0.005
520,295,-0.005
525,295,-0.004
530,295,-0.004
535,295,-0.004
540,295,-0.004
545,295,-0.004
550,295,-0.003
555,295,-0.003
560,295,-0.003
565,295,-0.003
570,295,-0.003
575,295,-0.002
580,295,-0.002
585,295,-0.002
590,295,-0.002
595,295,-0.002
600,295,-0.001
605,295,-0.001
610,295,-0.001
615,295,-0.001
620,295,-0.001
625,295,-0
630,295,-0
635,295,-0
640,295,0
645,295,0
650,295,0.001
655,295,0.001
660,295,0.001
665,295,0.001
670,295,0.001
675,295,0.002
680,295,0.002
685,295,0.002
690,295,0.002
695,295,0.002
700,295,0.003
705,295,0.003
420,300,-0.007
425,300,-0.007
430,300,-0.007
435,300,-0.007
440,300,-0.007
445,300,-0.006
450,300,-0.006
455,300,-0.006
460,300,-0.006
465,300,-0.006
470,300,-0.006
475,300,-0.005
480,300,-0.005
485,300,-0.005
490,300,-0.005
495,300,-0.005
500,300,-0.005
505,300,-0.005
510,300,-0.004
515,300,-0.004
520,300,-0.004
525,300,-0.004
530,300,-0.004
535,300,-0.004
540,300,-0.004
545,300,-0.003
550,300,-0.003
555,300,-0.003
560,300,-0.003
565,300,-0.003
570,300,-0.003
575,300,-0.003
580,300,-0.002
585,300,-0.002
590,300,-0.002
595,300,-0.002
600,300,-0.002
605,300,-0.002
610,300,-0.001
615,300,-0.001
620,300,-0.001
625,300,-0.001
630,300,-0.001
635,300,-0.001
640,300,-0.001
645,300,-0
650,300,-0
655,300,-0
660,300,0
665,300,0
670,300,0
675,300,0
680,300,0.001
685,300,0.001
690,300,0.001
695,300,0.001
700,300,0.001
705,300,0.001
420,305,-0.006
425,305,-0.006
430,305,-0.006
435,305,-0.006
440,305,-0.006
445,305,-0.006
450,305,-0.006
455,305,-0.005
460,305,-0.005
465,305,-0.005
470,305,-0.005
475,305,-0.005
480,305,-0.005
485,305,-0.005
490,305,-0.005
495,305,-0.005
500,305,-0.004
505,305,-0.004
510,305,-0.004
515,305,-0.004
520,305,-0.004
525,305,-0.004
530,305,-0.004
535,305,-0.004
540,305,-0.003
545,305,-0.003
550,305,-0.003
555,305,-0.003
560,305,-0.003
565,305,-0.003
570,305,-0.003
575,305,-0.003
580,305,-0.003
585,305,-0.002
590,305,-0.002
595,305,-0.002
600,305,-0.002
605,305,-0.002
610,305,-0.002
615,305,-0.002
620,305,-0.002
625,305,-0.002
630,305,-0.001
635,305,-0.001
640,305,-0.001
645,305,-0.001
650,305,-0.001
655,305,-0.001
660,305,-0.001
665,305,-0.001
670,305,-0
675,305,-0
680,305,-0
685,305,-0
690,305,-0
695,305,0
700,305,0
705,305,0
420,310,-0.006
425,310,-0.006
430,310,-0.006
435,310,-0.006
440,310,-0.006
445,310,-0.006
450,310,-0.006
455,310,-0.005
460,310,-0.005
465,310,-0.005
470,310,-0.005
475,310,-0.005
480,310,-0.005
485,310,-0.005
490,310,-0.005
495,310,-0.005
500,310,-0.004
505,310,-0.004
510,310,-0.004
515,310,-0.004
520,310,-0.004
525,310,-0.004
530,310,-0.004
535,310,-0.004
540,310,-0.004
545,310,-0.003
550,310,-0.003
555,310,-0.003
560,310,-0.003
565,310,-0.003
570,310,-0.003
575,310,-0.003
580,310,-0.003
585,310,-0.003
590,310,-0.002
595,310,-0.002
600,310,-0.002
605,310,-0.002
610,310,-0.002
615,310,-0.002
620,310,-0.002
625,310,-0.002
630,310,-0.002
635,310,-0.002
640,310,-0.001
645,310,-0.001
650,310,-0.001
655,310,-0.001
660,310,-0.001
665,310,-0.001
670,310,-0.001
675,310,-0.001
680,310,-0.001
685,310,-0
690,310,-0
695,310,-0
700,310,-0
705,310,0
420,315,-0.006
425,315,-0.006
430,315,-0.006
435,315,-0.006
440,315,-0.006
445,315,-0.006
450,315,-0.006
455,315,-0.006
460,315,-0.006
465,315,-0.005
470,315,-0.005
475,315,-0.005
480,315,-0.005
485,315,-0.005
490,315,-0.005
495,315,-0.005
500,315,-0.005
505,315,-0.005
510,315,-0.004
515,315,-0.004
520,315,-0.004
525,315,-0.004
530,315,-0.004
535,315,-0.004
540,315,-0.004
545,315,-0.004
550,315,-0.004
555,315,-0.003
560,315,-0.003
565,315,-0.003
570,315,-0.003
575,315,-0.003
580,315,-0.003
585,315,-0.003
590,315,-0.003
595,315,-0.003
600,315,-0.002
605,315,-0.002
610,315,-0.002
615,315,-0.002
620,315,-0.002
625,315,-0.002
630,315,-0.002
635,315,-0.002
640,315,-0.002
645,315,-0.001
650,315,-0.001
655,315,-0.001
660,315,-0.001
665,315,-0.001
670,315,-0.001
675,315,-0.001
680,315,-0.001
685,315,-0.001
690,315,-0
695,315,-0
700,315,-0
705,315,-0
420,320,-0.006
425,320,-0.006
430,320,-0.006
435,320,-0.006
440,320,-0.006
445,320,-0.006
450,320,-0.005
455,320,-0.005
460,320,-0.005
465,320,-0.005
470,320,-0.005
475,320,-0.005
480,320,-0.005
485,320,-0.005
490,320,-0.005
495,320,-0.005
500,320,-0.004
505,320,-0.004
510,320,-0.004
515,320,-0.004
520,320,-0.004
525,320,-0.004
530,320,-0.004
535,320,-0.004
540,320,-0.004
545,320,-0.003
550,320,-0.003
555,320,-0.003
560,320,-0.003
565,320,-0.003
570,320,-0.003
575,320,-0.003
580,320,-0.003
585,320,-0.003
590,320,-0.003
595,320,-0.002
600,320,-0.002
605,320,-0.002
610,320,-0.002
615,320,-0.002
620,320,-0.002
625,320,-0.002
630,320,-0.002
635,320,-0.002
640,320,-0.002
645,320,-0.001
650,320,-0.001
655,320,-0.001
660,320,-0.001
665,320,-0.001
670,320,-0.001
675,320,-0.001
680,320,-0.001
685,320,-0.001
690,320,-0.001
695,320,-0
700,320,-0
705,320,-0
420,325,-0.006
425,325,-0.006
430,325,-0.006
435,325,-0.005
440,325,-0.005
445,325,-0.005
450,325,-0.005
455,325,-0.005
460,325,-0.005
465,325,-0.005
470,325,-0.005
475,325,-0.005
480,325,-0.004
485,325,-0.004
490,325,-0.004
495,325,-0.004
500,325,-0.004
505,325,-0.004
510,325,-0.004
515,325,-0.004
520,325,-0.004
525,325,-0.004
530,325,-0.003
535,325,-0.003
540,325,-0.003
545,325,-0.003
550,325,-0.003
555,325,-0.003
560,325,-0.003
565,325,-0.003
570,325,-0.003
575,325,-0.002
580,325,-0.002
585,325,-0.002
590,325,-0.002
595,325,-0.002
600,325,-0.002
605,325,-0.002
610,325,-0.002
615,325,-0.002
620,325,-0.001
625,325,-0.001
630,325,-0.001
635,325,-0.001
640,325,-0.001
645,325,-0.001
650,325,-0.001
655,325,-0.001
660,325,-0.001
665,325,-0
670,325,-0
675,325,-0
680,325,-0
685,325,-0
690,325,0
695,325,0
700,325,0
425,330,-0.006
430,330,-0.005
435,330,-0.005
440,330,-0.005
445,330,-0.005
450,330,-0.005
455,330,-0.005
460,330,-0.005
465,330,-0.005
470,330,-0.005
475,330,-0.005
480,330,-0.004
485,330,-0.004
490,330,-0.004
495,330,-0.004
500,330,-0.004
505,330,-0.004
510,330,-0.004
515,330,-0.004
520,330,-0.004
525,330,-0.004
530,330,-0.003
535,330,-0.003
540,330,-0.003
545,330,-0.003
550,330,-0.003
555,330,-0.003
560,330,-0.003
565,330,-0.003
570,330,-0.003
575,330,-0.003
580,330,-0.002
585,330,-0.002
590,330,-0.002
595,330,-0.002
600,330,-0.002
605,330,-0.002
610,330,-0.002
615,330,-0.002
620,330,-0.002
625,330,-0.002
630,330,-0.001
635,330,-0.001
640,330,-0.001
645,330,-0.001
650,330,-0.001
655,330,-0.001
660,330,-0.001
665,330,-0.001
670,330,-0.001
675,330,-0.001
680,330,-0
685,330,-0
690,330,-0
695,330,-0
700,330,-0
425,335,-0.005
430,335,-0.005
435,335,-0.005
440,335,-0.005
445,335,-0.005
450,335,-0.005
455,335,-0.005
460,335,-0.005
465,335,-0.005
470,335,-0.005
475,335,-0.005
480,335,-0.004
485,335,-0.004
490,335,-0.004
495,335,-0.004
500,335,-0.004
505,335,-0.004
510,335,-0.004
515,335,-0.004
520,335,-0.004
525,335,-0.004
530,335,-0.004
535,335,-0.003
540,335,-0.003
545,335,-0.003
550,335,-0.003
555,335,-0.003
560,335,-0.003
565,335,-0.003
570,335,-0.003
575,335,-0.003
580,335,-0.003
585,335,-0.003
590,335,-0.002
595,335,-0.002
600,335,-0.002
605,335,-0.002
610,335,-0.002
615,335,-0.002
620,335,-0.002
625,335,-0.002
630,335,-0.002
635,335,-0.002
640,335,-0.002
645,335,-0.001
650,335,-0.001
655,335,-0.001
660,335,-0.001
665,335,-0.001
670,335,-0.001
675,335,-0.001
680,335,-0.001
685,335,-0.001
690,335,-0.001
695,335,-0.001
700,335,-0
425,340,-0.005
430,340,-0.005
435,340,-0.005
440,340,-0.005
445,340,-0.005
450,340,-0.005
455,340,-0.005
460,340,-0.005
465,340,-0.005
470,340,-0.004
475,340,-0.004
480,340,-0.004
485,340,-0.004
490,340,-0.004
495,340,-0.004
500,340,-0.004
505,340,-0.004
510,340,-0.004
515,340,-0.004
520,340,-0.004
525,340,-0.004
530,340,-0.004
535,340,-0.003
540,340,-0.003
545,340,-0.003
550,340,-0.003
555,340,-0.003
560,340,-0.003
565,340,-0.003
570,340,-0.003
575,340,-0.003
580,340,-0.003
585,340,-0.003
590,340,-0.003
595,340,-0.002
600,340,-0.002
605,340,-0.002
610,340,-0.002
615,340,-0.002
620,340,-0.002
625,340,-0.002
630,340,-0.002
635,340,-0.002
640,340,-0.002
645,340,-0.002
650,340,-0.002
655,340,-0.002
660,340,-0.001
665,340,-0.001
670,340,-0.001
675,340,-0.001
680,340,-0.001
685,340,-0.001
690,340,-0.001
695,340,-0.001
700,340,-0.001
430,345,-0.005
435,345,-0.005
440,345,-0.005
445,345,-0.005
450,345,-0.004
455,345,-0.004
460,345,-0.004
465,345,-0.004
470,345,-0.004
475,345,-0.004
480,345,-0.004
485,345,-0.004
490,345,-0.004
495,345,-0.004
500,345,-0.004
505,345,-0.004
510,345,-0.004
515,345,-0.003
520,345,-0.003
525,345,-0.003
530,345,-0.003
535,345,-0.003
540,345,-0.003
545,345,-0.003
550,345,-0.003
555,345,-0.003
560,345,-0.003
565,345,-0.003
570,345,-0.003
575,345,-0.003
580,345,-0.002
585,345,-0.002
590,345,-0.002
595,345,-0.002
600,345,-0.002
605,345,-0.002
610,345,-0.002
615,345,-0.002
620,345,-0.002
625,345,-0.002
630,345,-0.002
635,345,-0.002
640,345,-0.002
645,345,-0.001
650,345,-0.001
655,345,-0.001
660,345,-0.001
665,345,-0.001
670,345,-0.001
675,345,-0.001
680,345,-0.001
685,345,-0.001
690,345,-0.001
695,345,-0.001
430,350,-0.005
435,350,-0.005
440,350,-0.004
445,350,-0.004
450,350,-0.004
455,350,-0.004
460,350,-0.004
465,350,-0.004
470,350,-0.004
475,350,-0.004
480,350,-0.004
485,350,-0.004
490,350,-0.004
495,350,-0.004
500,350,-0.004
505,350,-0.004
510,350,-0.003
515,350,-0.003
520,350,-0.003
525,350,-0.003
530,350,-0.003
535,350,-0.003
540,350,-0.003
545,350,-0.003
550,350,-0.003
555,350,-0.003
560,350,-0.003
565,350,-0.003
570,350,-0.003
575,350,-0.002
580,350,-0.002
585,350,-0.002
590,350,-0.002
595,350,-0.002
600,350,-0.002
605,350,-0.002
610,350,-0.002
615,350,-0.002
620,350,-0.002
625,350,-0.002
630,350,-0.002
635,350,-0.002
640,350,-0.002
645,350,-0.001
650,350,-0.001
655,350,-0.001
660,350,-0.001
665,350,-0.001
670,350,-0.001
675,350,-0.001
680,350,-0.001
685,350,-0.001
690,350,-0.001
695,350,-0.001
435,355,-0.004
440,355,-0.004
445,355,-0.004
450,355,-0.004
455,355,-0.004
460,355,-0.004
465,355,-0.004
470,355,-0.004
475,355,-0.004
480,355,-0.004
485,355,-0.004
490,355,-0.004
495,355,-0.004
500,355,-0.004
505,355,-0.003
510,355,-0.003
515,355,-0.003
520,355,-0.003
525,355,-0.003
530,355,-0.003
535,355,-0.003
540,355,-0.003
545,355,-0.003
550,355,-0.003
555,355,-0.003
560,355,-0.003
565,355,-0.003
570,355,-0.003
575,355,-0.003
580,355,-0.002
585,355,-0.002
590,355,-0.002
595,355,-0.002
600,355,-0.002
605,355,-0.002
610,355,-0.002
615,355,-0.002
620,355,-0.002
625,355,-0.002
630,355,-0.002
635,355,-0.002
640,355,-0.002
645,355,-0.002
650,355,-0.002
655,355,-0.002
660,355,-0.001
665,355,-0.001
670,355,-0.001
675,355,-0.001
680,355,-0.001
685,355,-0.001
690,355,-0.001
435,360,-0.004
440,360,-0.004
445,360,-0.004
450,360,-0.004
455,360,-0.004
460,360,-0.004
465,360,-0.004
470,360,-0.004
475,360,-0.004
480,360,-0.004
485,360,-0.004
490,360,-0.004
495,360,-0.004
500,360,-0.004
505,360,-0.004
510,360,-0.004
515,360,-0.003
520,360,-0.003
525,360,-0.003
530,360,-0.003
535,360,-0.003
540,360,-0.003
545,360,-0.003
550,360,-0.003
555,360,-0.003
560,360,-0.003
565,360,-0.003
570,360,-0.003
575,360,-0.003
580,360,-0.003
585,360,-0.003
590,360,-0.003
595,360,-0.003
600,360,-0.003
605,360,-0.003
610,360,-0.002
615,360,-0.002
620,360,-0.002
625,360,-0.002
630,360,-0.002
635,360,-0.002
640,360,-0.002
645,360,-0.002
650,360,-0.002
655,360,-0.002
660,360,-0.002
665,360,-0.002
670,360,-0.002
675,360,-0.002
680,360,-0.002
685,360,-0.002
690,360,-0.002
440,365,-0.004
445,365,-0.004
450,365,-0.004
455,365,-0.004
460,365,-0.004
465,365,-0.004
470,365,-0.004
475,365,-0.004
480,365,-0.004
485,365,-0.004
490,365,-0.004
495,365,-0.004
500,365,-0.004
505,365,-0.003
510,365,-0.003
515,365,-0.003
520,365,-0.003
525,365,-0.003
530,365,-0.003
535,365,-0.003
540,365,-0.003
545,365,-0.003
550,365,-0.003
555,365,-0.003
560,365,-0.003
565,365,-0.003
570,365,-0.003
575,365,-0.003
580,365,-0.003
585,365,-0.003
590,365,-0.003
595,365,-0.003
600,365,-0.002
605,365,-0.002
610,365,-0.002
615,365,-0.002
620,365,-0.002
625,365,-0.002
630,365,-0.002
635,365,-0.002
640,365,-0.002
645,365,-0.002
650,365,-0.002
655,365,-0.002
660,365,-0.002
665,365,-0.002
670,365,-0.002
675,365,-0.002
680,365,-0.002
685,365,-0.002
440,370,-0.005
445,370,-0.005
450,370,-0.005
455,370,-0.004
460,370,-0.004
465,370,-0.004
470,370,-0.004
475,370,-0.004
480,370,-0.004
485,370,-0.004
490,370,-0.004
495,370,-0.004
500,370,-0.004
505,370,-0.004
510,370,-0.004
515,370,-0.004
520,370,-0.004
525,370,-0.003
530,370,-0.003
535,370,-0.003
540,370,-0.003
545,370,-0.003
550,370,-0.003
555,370,-0.003
560,370,-0.003
565,370,-0.003
570,370,-0.003
575,370,-0.003
580,370,-0.003
585,370,-0.003
590,370,-0.003
595,370,-0.002
600,370,-0.002
605,370,-0.002
610,370,-0.002
615,370,-0.002
620,370,-0.002
625,370,-0.002
630,370,-0.002
635,370,-0.002
640,370,-0.002
645,370,-0.002
650,370,-0.002
655,370,-0.002
660,370,-0.001
665,370,-0.001
670,370,-0.001
675,370,-0.001
680,370,-0.001
685,370,-0.001
445,375,-0.004
450,375,-0.004
455,375,-0.004
460,375,-0.004
465,375,-0.004
470,375,-0.004
475,375,-0.004
480,375,-0.004
485,375,-0.004
490,375,-0.004
495,375,-0.003
500,375,-0.003
505,375,-0.003
510,375,-0.003
515,375,-0.003
520,375,-0.003
525,375,-0.003
530,375,-0.003
535,375,-0.003
540,375,-0.003
545,375,-0.003
550,375,-0.003
555,375,-0.003
560,375,-0.002
565,375,-0.002
570,375,-0.002
575,375,-0.002
580,375,-0.002
585,375,-0.002
590,375,-0.002
595,375,-0.002
600,375,-0.002
605,375,-0.002
610,375,-0.002
615,375,-0.002
620,375,-0.002
625,375,-0.001
630,375,-0.001
635,375,-0.001
640,375,-0.001
645,375,-0.001
650,375,-0.001
655,375,-0.001
660,375,-0.001
665,375,-0.001
670,375,-0.001
675,375,-0.001
680,375,-0.001
445,380,-0.004
450,380,-0.004
455,380,-0.004
460,380,-0.004
465,380,-0.004
470,380,-0.004
475,380,-0.004
480,380,-0.004
485,380,-0.004
490,380,-0.003
495,380,-0.003
500,380,-0.003
505,380,-0.003
510,380,-0.003
515,380,-0.003
520,380,-0.003
525,380,-0.003
530,380,-0.003
535,380,-0.003
540,380,-0.003
545,380,-0.003
550,380,-0.003
555,380,-0.002
560,380,-0.002
565,380,-0.002
570,380,-0.002
575,380,-0.002
580,380,-0.002
585,380,-0.002
590,380,-0.002
595,380,-0.002
600,380,-0.002
605,380,-0.002
610,380,-0.002
615,380,-0.002
620,380,-0.001
625,380,-0.001
630,380,-0.001
635,380,-0.001
640,380,-0.001
645,380,-0.001
650,380,-0.001
655,380,-0.001
660,380,-0.001
665,380,-0.001
670,380,-0.001
675,380,-0.001
680,380,-0.001
450,385,-0.004
455,385,-0.004
460,385,-0.004
465,385,-0.004
470,385,-0.003
475,385,-0.003
480,385,-0.003
485,385,-0.003
490,385,-0.003
495,385,-0.003
500,385,-0.003
505,385,-0.003
510,385,-0.003
515,385,-0.003
520,385,-0.003
525,385,-0.003
530,385,-0.003
535,385,-0.003
540,385,-0.003
545,385,-0.002
550,385,-0.002
555,385,-0.002
560,385,-0.002
565,385,-0.002
570,385,-0.002
575,385,-0.002
580,385,-0.002
585,385,-0.002
590,385,-0.002
595,385,-0.002
600,385,-0.002
605,385,-0.002
610,385,-0.002
615,385,-0.001
620,385,-0.001
625,385,-0.001
630,385,-0.001
635,385,-0.001
640,385,-0.001
645,385,-0.001
650,385,-0.001
655,385,-0.001
660,385,-0.001
665,385,-0.001
670,385,-0.001
675,385,-0.001
455,390,-0.004
460,390,-0.003
465,390,-0.003
470,390,-0.003
475,390,-0.003
480,390,-0.003
485,390,-0.003
490,390,-0.003
495,390,-0.003
500,390,-0.003
505,390,-0.003
510,390,-0.003
515,390,-0.003
520,390,-0.003
525,390,-0.003
530,390,-0.003
535,390,-0.002
540,390,-0.002
545,390,-0.002
550,390,-0.002
555,390,-0.002
560,390,-0.002
565,390,-0.002
570,390,-0.002
575,390,-0.002
580,390,-0.002
585,390,-0.002
590,390,-0.002
595,390,-0.002
600,390,-0.002
605,390,-0.002
610,390,-0.002
615,390,-0.001
620,390,-0.001
625,390,-0.001
630,390,-0.001
635,390,-0.001
640,390,-0.001
645,390,-0.001
650,390,-0.001
655,390,-0.001
660,390,-0.001
665,390,-0.001
670,390,-0.001
460,395,-0.003
465,395,-0.003
470,395,-0.003
475,395,-0.003
480,395,-0.003
485,395,-0.003
490,395,-0.003
495,395,-0.003
500,395,-0.003
505,395,-0.003
510,395,-0.003
515,395,-0.003
520,395,-0.003
525,395,-0.003
530,395,-0.003
535,395,-0.002
540,395,-0.002
545,395,-0.002
550,395,-0.002
555,395,-0.002
560,395,-0.002
565,395,-0.002
570,395,-0.002
575,395,-0.002
580,395,-0.002
585,395,-0.002
590,395,-0.002
595,395,-0.002
600,395,-0.002
605,395,-0.002
610,395,-0.002
615,395,-0.001
620,395,-0.001
625,395,-0.001
630,395,-0.001
635,395,-0.001
640,395,-0.001
645,395,-0.001
650,395,-0.001
655,395,-0.001
660,395,-0.001
665,395,-0.001
465,400,-0.003
470,400,-0.003
475,400,-0.003
480,400,-0.003
485,400,-0.003
490,400,-0.003
495,400,-0.003
500,400,-0.003
505,400,-0.003
510,400,-0.003
515,400,-0.003
520,400,-0.003
525,400,-0.003
530,400,-0.003
535,400,-0.003
540,400,-0.003
545,400,-0.003
550,400,-0.003
555,400,-0.003
560,400,-0.003
565,400,-0.003
570,400,-0.002
575,400,-0.002
580,400,-0.002
585,400,-0.002
590,400,-0.002
595,400,-0.002
600,400,-0.002
605,400,-0.002
610,400,-0.002
615,400,-0.002
620,400,-0.002
625,400,-0.002
630,400,-0.002
635,400,-0.002
640,400,-0.002
645,400,-0.002
650,400,-0.002
655,400,-0.002
660,400,-0.002
470,405,-0.004
475,405,-0.004
480,405,-0.004
485,405,-0.004
490,405,-0.004
495,405,-0.004
500,405,-0.004
505,405,-0.004
510,405,-0.004
515,405,-0.004
520,405,-0.004
525,405,-0.003
530,405,-0.003
535,405,-0.003
540,405,-0.003
545,405,-0.003
550,405,-0.003
555,405,-0.003
560,405,-0.003
565,405,-0.003
570,405,-0.003
575,405,-0.003
580,405,-0.003
585,405,-0.003
590,405,-0.003
595,405,-0.003
600,405,-0.003
605,405,-0.003
610,405,-0.003
615,405,-0.003
620,405,-0.003
625,405,-0.003
630,405,-0.002
635,405,-0.002
640,405,-0.002
645,405,-0.002
650,405,-0.002
655,405,-0.002
475,410,-0.005
480,410,-0.005
485,410,-0.005
490,410,-0.005
495,410,-0.004
500,410,-0.004
505,410,-0.004
510,410,-0.004
515,410,-0.004
520,410,-0.004
525,410,-0.004
530,410,-0.004
535,410,-0.004
540,410,-0.004
545,410,-0.004
550,410,-0.004
555,410,-0.004
560,410,-0.004
565,410,-0.004
570,410,-0.004
575,410,-0.004
580,410,-0.004
585,410,-0.004
590,410,-0.004
595,410,-0.004
600,410,-0.004
605,410,-0.004
610,410,-0.004
615,410,-0.004
620,410,-0.004
625,410,-0.004
630,410,-0.004
635,410,-0.004
640,410,-0.004
645,410,-0.004
650,410,-0.004
480,415,-0.005
485,415,-0.005
490,415,-0.005
495,415,-0.005
500,415,-0.005
505,415,-0.005
510,415,-0.005
515,415,-0.005
520,415,-0.005
525,415,-0.005
530,415,-0.005
535,415,-0.005
540,415,-0.005
545,415,-0.006
550,415,-0.006
555,415,-0.006
560,415,-0.006
565,415,-0.006
570,415,-0.006
575,415,-0.006
580,415,-0.006
585,415,-0.006
590,415,-0.006
595,415,-0.006
600,415,-0.006
605,415,-0.006
610,415,-0.006
615,415,-0.006
620,415,-0.006
625,415,-0.006
630,415,-0.006
635,415,-0.006
640,415,-0.006
645,415,-0.006
490,420,-0.006
495,420,-0.006
500,420,-0.006
505,420,-0.006
510,420,-0.006
515,420,-0.006
520,420,-0.007
525,420,-0.007
530,420,-0.007
535,420,-0.007
540,420,-0.007
545,420,-0.007
550,420,-0.007
555,420,-0.007
560,420,-0.007
565,420,-0.007
570,420,-0.007
575,420,-0.007
580,420,-0.007
585,420,-0.007
590,420,-0.007
595,420,-0.007
600,420,-0.007
605,420,-0.007
610,420,-0.007
615,420,-0.007
620,420,-0.007
625,420,-0.007
630,420,-0.007
635,420,-0.008
500,425,-0.008
505,425,-0.008
510,425,-0.008
515,425,-0.008
520,425,-0.008
525,425,-0.008
530,425,-0.008
535,425,-0.008
540,425,-0.008
545,425,-0.009
550,425,-0.009
555,425,-0.009
560,425,-0.009
565,425,-0.009
570,425,-0.009
575,425,-0.009
580,425,-0.009
585,425,-0.009
590,425,-0.009
595,425,-0.009
600,425,-0.01
605,425,-0.01
610,425,-0.01
615,425,-0.01
620,425,-0.01
625,425,-0.01
630,425,-0.01
510,430,-0.01
515,430,-0.01
520,430,-0.01
525,430,-0.01
530,430,-0.01
535,430,-0.01
540,430,-0.011
545,430,-0.011
550,430,-0.011
555,430,-0.011
560,430,-0.011
565,430,-0.011
570,430,-0.011
575,430,-0.011
580,430,-0.011
585,430,-0.012
590,430,-0.012
595,430,-0.012
600,430,-0.012
605,430,-0.012
610,430,-0.012
615,430,-0.012
620,430,-0.012
520,435,-0.011
525,435,-0.012
530,435,-0.012
535,435,-0.012
540,435,-0.012
545,435,-0.012
550,435,-0.012
555,435,-0.013
560,435,-0.013
565,435,-0.013
570,435,-0.013
575,435,-0.013
580,435,-0.014
585,435,-0.014
590,435,-0.014
595,435,-0.014
600,435,-0.014
605,435,-0.014
550,440,-0.014
555,440,-0.014
560,440,-0.014
565,440,-0.014
570,440,-0.014
575,440,-0.014
