550	145	1.897878
555	145	1.898906
560	145	1.899794
565	145	1.90033966666667
570	145	1.90504066666667
595	150	1.901256
590	150	1.90210333333333
585	150	1.902676
580	150	1.90273866666667
575	150	1.902949
570	150	1.90304766666667
565	150	1.90304166666667
560	150	1.902446
555	150	1.90157866666667
550	150	1.90013
545	150	1.898877
540	150	1.89834333333333
535	150	1.89847733333333
530	150	1.89851033333333
525	150	1.89822266666667
520	150	1.897568
510	155	1.89664266666667
515	155	1.898606
520	155	1.89971733333333
525	155	1.90134566666667
530	155	1.90014433333333
535	155	1.90079766666667
540	155	1.90085433333333
545	155	1.901831
550	155	1.901648
555	155	1.90429266666667
560	155	1.90530533333333
565	155	1.905341
570	155	1.90442666666667
575	155	1.90486066666667
580	155	1.90477
585	155	1.90433933333333
590	155	1.90304933333333
595	155	1.90306433333333
600	155	1.90261566666667
605	155	1.90275066666667
610	155	1.903504
615	155	2.68253
620	160	1.90509
615	160	1.90636733333333
610	160	1.90588466666667
605	160	1.904973
600	160	1.90470166666667
595	160	1.90508533333333
590	160	1.90558166666667
585	160	1.90595666666667
580	160	1.90638566666667
575	160	1.906579
570	160	1.90684966666667
565	160	1.90723766666667
560	160	1.90764266666667
555	160	1.90676066666667
550	160	1.904832
545	160	1.90332
540	160	1.90318833333333
535	160	1.90317133333333
530	160	1.90323
525	160	1.902804
520	160	1.90196966666667
515	160	1.90073833333333
510	160	1.89927566666667
505	160	1.89838466666667
500	160	1.897193
490	165	1.895768
495	165	1.89788566666667
500	165	1.89950033333333
505	165	1.900881
510	165	1.90196933333333
515	165	1.90296466666667
520	165	1.90421666666667
525	165	1.904739
530	165	1.90481633333333
535	165	1.90475566666667
540	165	1.90447466666667
545	165	1.90453266666667
550	165	1.905972
555	165	1.90795833333333
560	165	1.90856833333333
565	165	1.90764366666667
570	165	1.90732266666667
575	165	1.907667
580	165	1.90761633333333
585	165	1.907395
590	165	1.90714566666667
595	165	1.90670933333333
600	165	1.906628
605	165	1.90699566666667
610	165	1.9079
615	165	1.90846666666667
620	165	1.90829733333333
625	165	1.90709666666667
630	165	1.90390833333333
635	165	2.69244566666667
640	165	2.68387066666667
650	170	2.68823266666667
640	170	1.90003733333333
635	170	1.902862
630	170	1.90633133333333
625	170	1.90893066666667
620	170	1.90967666666667
615	170	1.90988133333333
610	170	1.909373
605	170	1.908344
600	170	1.90751866666667
595	170	1.90764566666667
590	170	1.907657
585	170	1.907569
580	170	1.90729866666667
575	170	1.907477
570	170	1.907398
565	170	1.907556
560	170	1.90790733333333
555	170	1.90754733333333
550	170	1.90567066666667
545	170	1.90402066666667
540	170	1.903834
535	170	1.90422
530	170	1.90431833333333
525	170	1.90463466666667
520	170	1.904548
515	170	1.90404633333333
510	170	1.903413
505	170	1.90259266666667
500	170	1.90098266666667
495	170	1.899452
490	170	1.897567
485	170	1.89544566666667
480	170	1.89354733333333
475	175	1.89573333333333
480	175	1.89672733333333
485	175	1.89745233333333
490	175	1.89848533333333
495	175	1.900939
500	175	1.90238033333333
505	175	1.903906
510	175	1.902818
515	175	1.90389666666667
520	175	1.9042
525	175	1.90505
530	175	1.903606
535	175	1.904342
540	175	1.90434133333333
545	175	1.905265
550	175	1.90526133333333
555	175	1.907392
560	175	1.907744
565	175	1.907765
570	175	1.90693033333333
575	175	1.90784566666667
580	175	1.90789166666667
585	175	1.907805
590	175	1.90743166666667
595	175	1.90802233333333
600	175	1.90826833333333
605	175	1.908809
610	175	1.90956166666667
615	175	1.91094
620	175	1.91128333333333
625	175	1.91081633333333
630	175	1.90858366666667
635	175	1.90617
640	175	1.903928
645	175	1.90291933333333
650	175	2.68447733333333
650	180	1.905878
645	180	1.90681133333333
640	180	1.907455
635	180	1.91029433333333
630	180	1.912084
625	180	1.91273133333333
620	180	1.91157
615	180	1.91125533333333
610	180	1.91036033333333
605	180	1.909441
600	180	1.90898333333333
595	180	1.90869033333333
590	180	1.90855066666667
585	180	1.908371
580	180	1.908264
575	180	1.90820766666667
570	180	1.90825633333333
565	180	1.908
560	180	1.90771333333333
555	180	1.90732066666667
550	180	1.90620633333333
545	180	1.905068
540	180	1.90471366666667
535	180	1.904623
530	180	1.904361
525	180	1.90445333333333
520	180	1.904284
515	180	1.903907
510	180	1.90346133333333
505	180	1.902749
500	180	1.90228733333333
495	180	1.901556
490	180	1.90021833333333
485	180	1.89941666666667
480	180	1.89891066666667
475	180	1.89820633333333
470	180	1.897433
465	185	1.89846566666667
470	185	1.89972866666667
475	185	1.90021166666667
480	185	1.90044333333333
485	185	1.89994433333333
490	185	1.900942
495	185	1.901978
500	185	1.902768
505	185	1.90290833333333
510	185	1.90427033333333
515	185	1.90479366666667
520	185	1.90508033333333
525	185	1.90449266666667
530	185	1.904982
535	185	1.90505366666667
540	185	1.90521
545	185	1.90510733333333
550	185	1.9065
555	185	1.907505
560	185	1.90802433333333
565	185	1.90778
570	185	1.90873966666667
575	185	1.90880233333333
580	185	1.90886666666667
585	185	1.90871733333333
590	185	1.90924866666667
595	185	1.90943366666667
600	185	1.90969633333333
605	185	1.90989233333333
610	185	1.91068966666667
615	185	1.91148166666667
620	185	1.91226433333333
625	185	1.91262933333333
630	185	1.91337266666667
635	185	1.913058
640	185	1.91193833333333
645	185	1.91183133333333
650	185	1.909752
655	185	1.909112
660	185	1.90839133333333
665	190	1.91027433333333
660	190	1.91094533333333
655	190	1.91167833333333
650	190	1.91245533333333
645	190	1.91365166666667
640	190	1.914174
635	190	1.91401733333333
630	190	1.91370833333333
625	190	1.91334233333333
620	190	1.912819
615	190	1.911664
610	190	1.91074333333333
605	190	1.91066533333333
600	190	1.91025166666667
595	190	1.91013633333333
590	190	1.91003133333333
585	190	1.90979666666667
580	190	1.909486
575	190	1.90947533333333
570	190	1.90931133333333
565	190	1.90894866666667
560	190	1.90831733333333
555	190	1.907982
550	190	1.90715433333333
545	190	1.90636333333333
540	190	1.90572766666667
535	190	1.90557966666667
530	190	1.905532
525	190	1.90553233333333
520	190	1.90542066666667
515	190	1.90550866666667
510	190	1.90510433333333
505	190	1.90437466666667
500	190	1.903024
495	190	1.90128933333333
490	190	1.89962533333333
485	190	1.899933
480	190	1.90093233333333
475	190	1.90122233333333
470	190	1.90091733333333
465	190	1.900484
460	190	1.89906833333333
455	195	1.898325
460	195	1.90076
465	195	1.90197766666667
470	195	1.90093666666667
475	195	1.901934
480	195	1.901254
485	195	1.89957866666667
490	195	1.896454
495	195	1.90042666666667
500	195	1.90363866666667
505	195	1.905449
510	195	1.90505
515	195	1.906114
520	195	1.90613433333333
525	195	1.90633866666667
530	195	1.905619
535	195	1.90643066666667
540	195	1.90631833333333
545	195	1.907074
550	195	1.90714766666667
555	195	1.90858833333333
560	195	1.909095
565	195	1.90985566666667
570	195	1.90929966666667
575	195	1.91002266666667
580	195	1.91035633333333
585	195	1.91086566666667
590	195	1.90997766666667
595	195	1.910758
600	195	1.91116766666667
605	195	1.91141633333333
610	195	1.91088033333333
615	195	1.91262666666667
620	195	1.91353
625	195	1.914316
630	195	1.913244
635	195	1.913987
640	195	1.914685
645	195	1.91528733333333
650	195	1.913192
655	195	1.91314333333333
660	195	1.91270866666667
665	195	1.91269766666667
670	195	1.91325266666667
680	200	2.693971
675	200	2.69488433333333
670	200	1.91372633333333
665	200	1.91416366666667
660	200	1.913448
655	200	1.91431066666667
650	200	1.91478566666667
645	200	1.91501966666667
640	200	1.914007
635	200	1.91461766666667
630	200	1.914731
625	200	1.91462033333333
620	200	1.914094
615	200	1.913723
610	200	1.91294433333333
605	200	1.912291
600	200	1.91197733333333
595	200	1.91171966666667
590	200	1.911603
585	200	1.911269
580	200	1.91098333333333
575	200	1.91071266666667
570	200	1.91048433333333
565	200	1.91018166666667
560	200	1.90984733333333
555	200	1.909336
550	200	1.90859833333333
545	200	1.90763233333333
540	200	1.907011
535	200	1.90726666666667
530	200	1.90740866666667
525	200	1.90729866666667
520	200	1.90720033333333
515	200	1.90676533333333
510	200	1.906295
505	200	1.905787
500	200	1.90401833333333
495	200	1.900842
490	200	1.89827766666667
485	200	1.89915766666667
480	200	1.90142833333333
475	200	1.90228366666667
470	200	1.90227966666667
465	200	1.90236133333333
460	200	1.901842
455	200	1.89969466666667
450	200	1.89606733333333
445	205	1.89555366666667
450	205	1.89847833333333
455	205	1.90166066666667
460	205	1.90303566666667
465	205	1.90385033333333
470	205	1.90323166666667
475	205	1.90278966666667
480	205	1.901772
485	205	1.90104133333333
490	205	1.90011766666667
495	205	1.901792
500	205	1.904546
505	205	1.90704333333333
510	205	1.907113
515	205	1.907456
520	205	1.90789866666667
525	205	1.90853066666667
530	205	1.90798933333333
535	205	1.908153
540	205	1.90822533333333
545	205	1.909299
550	205	1.90941866666667
555	205	1.91015466666667
560	205	1.91064566666667
565	205	1.91162533333333
570	205	1.911187
575	205	1.911128
580	205	1.91054566666667
585	205	1.911239
590	205	1.91169966666667
595	205	1.91211966666667
600	205	1.91225233333333
605	205	1.91313466666667
610	205	1.91320466666667
615	205	1.91398166666667
620	205	1.914357
625	205	1.91587
630	205	1.91477033333333
635	205	1.91466966666667
640	205	1.91462133333333
645	205	1.91471666666667
650	205	1.91494733333333
655	205	1.91516166666667
660	205	1.91490533333333
665	205	1.91466433333333
670	205	1.91434966666667
675	205	1.91425566666667
680	210	1.915097
675	210	1.91376466666667
670	210	1.91295433333333
665	210	1.91364866666667
660	210	1.914913
655	210	1.91522833333333
650	210	1.914926
645	210	1.91469466666667
640	210	1.91427866666667
635	210	1.91484366666667
630	210	1.91474933333333
625	210	1.914743
620	210	1.91428466666667
615	210	1.91418233333333
610	210	1.91348266666667
605	210	1.91280833333333
600	210	1.91232733333333
595	210	1.91230933333333
590	210	1.91164566666667
585	210	1.90956166666667
580	210	1.91000133333333
575	210	1.91150633333333
570	210	1.91167866666667
565	210	1.91165766666667
560	210	1.91112366666667
555	210	1.91080133333333
550	210	1.90995666666667
545	210	1.90923766666667
540	210	1.908886
535	210	1.90896733333333
530	210	1.90882966666667
525	210	1.90858733333333
520	210	1.90821566666667
515	210	1.90807433333333
510	210	1.907868
505	210	1.90698833333333
500	210	1.90460866666667
495	210	1.90175
490	210	1.90050066666667
485	210	1.90034733333333
480	210	1.900836
475	210	1.90202533333333
470	210	1.903013
465	210	1.90361466666667
460	210	1.90342433333333
455	210	1.90299
450	210	1.90114566666667
445	210	1.89840666666667
440	215	1.89896166666667
445	215	1.90209866666667
450	215	1.90272366666667
455	215	1.904021
460	215	1.90414733333333
465	215	1.90406966666667
470	215	1.90135333333333
475	215	1.90029933333333
480	215	1.899439
485	215	1.90036966666667
490	215	1.90015833333333
495	215	1.902859
500	215	1.90579733333333
505	215	1.90798633333333
510	215	1.908183
515	215	1.909372
520	215	1.90953566666667
525	215	1.90957366666667
530	215	1.909072
535	215	1.909469
540	215	1.90936133333333
545	215	1.909384
550	215	1.90953533333333
555	215	1.91075966666667
560	215	1.91109966666667
565	215	1.91211333333333
570	215	1.91156966666667
575	215	1.91202066666667
580	215	1.91166366666667
585	215	1.91214833333333
590	215	1.91128633333333
595	215	1.91223866666667
600	215	1.91249433333333
605	215	1.91340666666667
610	215	1.912752
615	215	1.91420433333333
620	215	1.91455166666667
625	215	1.91572133333333
630	215	1.91399433333333
635	215	1.914616
640	215	1.91459866666667
645	215	1.91454366666667
650	215	1.91421333333333
655	215	1.914889
660	215	1.91393466666667
665	215	1.910828
670	215	1.90867566666667
675	215	1.912087
680	215	1.91434766666667
685	215	1.86308533333333
685	220	1.915362
680	220	1.913823
675	220	1.91200066666667
670	220	1.90955866666667
665	220	1.91112033333333
660	220	1.91348933333333
655	220	1.91496833333333
650	220	1.914968
645	220	1.91491433333333
640	220	1.91433533333333
635	220	1.91484533333333
630	220	1.91483733333333
625	220	1.91494033333333
620	220	1.914262
615	220	1.91447333333333
610	220	1.91374
605	220	1.91299033333333
600	220	1.91263133333333
595	220	1.912214
590	220	1.91197233333333
585	220	1.91249166666667
580	220	1.912508
575	220	1.912299
570	220	1.912327
565	220	1.91205466666667
560	220	1.91143033333333
555	220	1.91091066666667
550	220	1.91024
545	220	1.90965233333333
540	220	1.90950466666667
535	220	1.90939033333333
530	220	1.909647
525	220	1.91003266666667
520	220	1.910387
515	220	1.91061366666667
510	220	1.90994833333333
505	220	1.90893766666667
500	220	1.90716366666667
495	220	1.904548
490	220	1.90171866666667
485	220	1.899052
480	220	1.89743433333333
475	220	1.89763166666667
470	220	1.90033566666667
465	220	1.90294333333333
460	220	1.90438166666667
455	220	1.90445966666667
450	220	1.904135
445	220	1.90328266666667
440	220	1.90136566666667
435	225	1.90088233333333
440	225	1.90319666666667
445	225	1.904855
450	225	1.90465866666667
455	225	1.90504066666667
460	225	1.90480433333333
465	225	1.90345166666667
470	225	1.89972733333333
475	225	1.89685333333333
480	225	1.897049
485	225	1.900227
490	225	1.903046
495	225	1.90626366666667
500	225	1.90856233333333
505	225	1.91086166666667
510	225	1.91082133333333
515	225	1.91109533333333
520	225	1.91073166666667
525	225	1.91117266666667
530	225	1.91043766666667
535	225	1.910228
540	225	1.910015
545	225	1.91064933333333
550	225	1.91057533333333
555	225	1.91142066666667
560	225	1.912113
565	225	1.91306333333333
570	225	1.91259533333333
575	225	1.912539
580	225	1.912738
585	225	1.913482
590	225	1.91271233333333
595	225	1.91268733333333
600	225	1.912856
605	225	1.91412966666667
610	225	1.91458833333333
615	225	1.915141
620	225	1.915384
625	225	1.916078
630	225	1.91519333333333
635	225	1.915216
640	225	1.915238
645	225	1.91530233333333
650	225	1.91524366666667
655	225	1.91506966666667
660	225	1.914729
665	225	1.91390466666667
670	225	1.91318266666667
675	225	1.913631
680	225	1.91521166666667
685	225	1.91539666666667
690	225	1.914814
690	230	1.915087
685	230	1.91611066666667
680	230	1.916475
675	230	1.916128
670	230	1.91589433333333
665	230	1.91589
660	230	1.91571466666667
655	230	1.91580166666667
650	230	1.91549866666667
645	230	1.915386
640	230	1.915916
635	230	1.91613966666667
630	230	1.91574466666667
625	230	1.915916
620	230	1.91638766666667
615	230	1.91661433333333
610	230	1.91546766666667
605	230	1.91375733333333
600	230	1.91318133333333
595	230	1.91347466666667
590	230	1.91346
585	230	1.91336466666667
580	230	1.91303233333333
575	230	1.91312566666667
570	230	1.913182
565	230	1.913047
560	230	1.912622
555	230	1.912015
550	230	1.911075
545	230	1.91059133333333
540	230	1.910514
535	230	1.910936
530	230	1.91118166666667
525	230	1.91117466666667
520	230	1.91106266666667
515	230	1.91111166666667
510	230	1.91087666666667
505	230	1.91068666666667
500	230	1.91000233333333
495	230	1.90778866666667
490	230	1.90473366666667
485	230	1.90099733333333
480	230	1.89937733333333
475	230	1.89938466666667
470	230	1.901355
465	230	1.90377066666667
460	230	1.90516166666667
455	230	1.905089
450	230	1.90385333333333
445	230	1.90423566666667
440	230	1.90400066666667
435	230	1.902713
430	235	1.90191933333333
435	235	1.90420266666667
440	235	1.904961
445	235	1.90522366666667
450	235	1.90369166666667
455	235	1.90564233333333
460	235	1.90608666666667
465	235	1.90582633333333
470	235	1.90326833333333
475	235	1.903127
480	235	1.90311066666667
485	235	1.904735
490	235	1.90566033333333
495	235	1.90895533333333
500	235	1.91063933333333
505	235	1.91111066666667
510	235	1.9108
515	235	1.91162533333333
520	235	1.911901
525	235	1.911844
530	235	1.911216
535	235	1.91138566666667
540	235	1.91109366666667
545	235	1.910692
550	235	1.910309
555	235	1.91246033333333
560	235	1.91331066666667
565	235	1.91331066666667
570	235	1.91305433333333
575	235	1.913674
580	235	1.91379833333333
585	235	1.91434166666667
590	235	1.91325666666667
595	235	1.91384366666667
600	235	1.91375633333333
605	235	1.91411566666667
610	235	1.914926
615	235	1.91723533333333
620	235	1.91752966666667
625	235	1.91783333333333
630	235	1.91625366666667
635	235	1.916471
640	235	1.91643166666667
645	235	1.91634733333333
650	235	1.91547733333333
655	235	1.916054
660	235	1.915997
665	235	1.91617366666667
670	235	1.91574366666667
675	235	1.916619
680	235	1.9167
685	235	1.916202
690	235	1.91449833333333
695	235	1.91334066666667
695	240	1.914473
690	240	1.91583733333333
685	240	1.91669233333333
680	240	1.916173
675	240	1.91693033333333
670	240	1.91671766666667
665	240	1.91661733333333
660	240	1.915579
655	240	1.916766
650	240	1.91654866666667
645	240	1.91675866666667
640	240	1.91639466666667
635	240	1.91761466666667
630	240	1.91773033333333
625	240	1.91851766666667
620	240	1.918376
615	240	1.916617
610	240	1.91606533333333
605	240	1.91477166666667
600	240	1.91444833333333
595	240	1.91441533333333
590	240	1.91427
585	240	1.914239
580	240	1.914226
575	240	1.914086
570	240	1.91402166666667
565	240	1.91382433333333
560	240	1.91360766666667
555	240	1.91293633333333
550	240	1.91178466666667
545	240	1.91131766666667
540	240	1.91142
535	240	1.91180933333333
530	240	1.91198266666667
525	240	1.91233233333333
520	240	1.91248833333333
515	240	1.91257933333333
510	240	1.911249
505	240	1.910901
500	240	1.91045866666667
495	240	1.90969866666667
490	240	1.90764233333333
485	240	1.906405
480	240	1.90594466666667
475	240	1.90515833333333
470	240	1.906071
465	240	1.90645033333333
460	240	1.90639266666667
455	240	1.90574033333333
450	240	1.90542733333333
445	240	1.90563066666667
440	240	1.90527366666667
435	240	1.90472933333333
430	240	1.90359866666667
425	245	1.90146133333333
430	245	1.90440033333333
435	245	1.90546333333333
440	245	1.906044
445	245	1.90641266666667
450	245	1.90444433333333
455	245	1.904672
460	245	1.90646366666667
465	245	1.90750166666667
470	245	1.90689933333333
475	245	1.90724966666667
480	245	1.906819
485	245	1.908225
490	245	1.908359
495	245	1.90950333333333
500	245	1.91084233333333
505	245	1.91204533333333
510	245	1.91201366666667
515	245	1.91237233333333
520	245	1.91308433333333
525	245	1.913287
530	245	1.9124
535	245	1.912148
540	245	1.91194
545	245	1.91252933333333
550	245	1.91258166666667
555	245	1.91342866666667
560	245	1.913919
565	245	1.914919
570	245	1.91446266666667
575	245	1.91439766666667
580	245	1.91437533333333
585	245	1.91525833333333
590	245	1.914902
595	245	1.91478433333333
600	245	1.91476333333333
605	245	1.91576133333333
610	245	1.916613
615	245	1.91748733333333
620	245	1.918081
625	245	1.91977766666667
630	245	1.91861433333333
635	245	1.91789433333333
640	245	1.917869
645	245	1.91717366666667
650	245	1.91694466666667
655	245	1.916723
660	245	1.91663866666667
665	245	1.916917
670	245	1.91722433333333
675	245	1.91753433333333
680	245	1.91752533333333
685	245	1.91729
690	245	1.91692366666667
695	245	1.91626
700	250	1.917212
695	250	1.917609
690	250	1.91783866666667
685	250	1.917662
680	250	1.917791
675	250	1.917796
670	250	1.917427
665	250	1.916974
660	250	1.91675466666667
655	250	1.91706833333333
650	250	1.917067
645	250	1.91706833333333
640	250	1.917296
635	250	1.918314
630	250	1.91896166666667
625	250	1.918634
620	250	1.91829933333333
615	250	1.91780666666667
610	250	1.91706833333333
605	250	1.91546266666667
600	250	1.91456533333333
595	250	1.91483866666667
590	250	1.91505266666667
585	250	1.914784
580	250	1.91344533333333
575	250	1.914153
570	250	1.91451933333333
565	250	1.914332
560	250	1.91354066666667
555	250	1.91357666666667
550	250	1.912694
545	250	1.91204533333333
540	250	1.91195233333333
535	250	1.91233633333333
530	250	1.91243333333333
525	250	1.91253
520	250	1.912343
515	250	1.912616
510	250	1.91223733333333
505	250	1.91171333333333
500	250	1.91056733333333
495	250	1.90948166666667
490	250	1.907993
485	250	1.90741633333333
480	250	1.90763766666667
475	250	1.907485
470	250	1.90711633333333
465	250	1.907182
460	250	1.90631266666667
455	250	1.90420533333333
450	250	1.90374366666667
445	250	1.905958
440	250	1.90633033333333
435	250	1.905937
430	250	1.904366
425	250	1.900736
425	255	1.89965566666667
430	255	1.9031
435	255	1.90627333333333
440	255	1.906881
445	255	1.906675
450	255	1.90520733333333
455	255	1.90623433333333
460	255	1.907173
465	255	1.90750766666667
470	255	1.90682866666667
475	255	1.90781233333333
480	255	1.90777166666667
485	255	1.90755233333333
490	255	1.907931
495	255	1.90959333333333
500	255	1.91074366666667
505	255	1.911853
510	255	1.911688
515	255	1.91262733333333
520	255	1.91280166666667
525	255	1.91294
530	255	1.911595
535	255	1.91225033333333
540	255	1.91208333333333
545	255	1.912568
550	255	1.912184
555	255	1.914034
560	255	1.91455233333333
565	255	1.91512
570	255	1.91401533333333
575	255	1.914309
580	255	1.91439566666667
585	255	1.91471933333333
590	255	1.91368033333333
595	255	1.914483
600	255	1.91451666666667
605	255	1.91532333333333
610	255	1.91632766666667
615	255	1.917818
620	255	1.91810466666667
625	255	1.91829533333333
630	255	1.91824833333333
635	255	1.91805866666667
640	255	1.915905
645	255	1.916757
650	255	1.91635866666667
655	255	1.91698233333333
660	255	1.916917
665	255	1.917395
670	255	1.91691133333333
675	255	1.917873
680	255	1.91774433333333
685	255	1.91798
690	255	1.91716833333333
695	255	1.91771966666667
700	255	1.91746233333333
700	260	1.916392
695	260	1.91720566666667
690	260	1.91742166666667
685	260	1.91733666666667
680	260	1.91666033333333
675	260	1.91788
670	260	1.917463
665	260	1.91706133333333
660	260	1.91595033333333
655	260	1.917505
650	260	1.916787
645	260	1.91689633333333
640	260	1.916644
635	260	1.91901733333333
630	260	1.918231
625	260	1.917799
620	260	1.917891
615	260	1.91747266666667
610	260	1.916882
605	260	1.915205
600	260	1.914393
595	260	1.9144
590	260	1.91455766666667
585	260	1.91470933333333
580	260	1.914639
575	260	1.91457433333333
570	260	1.914691
565	260	1.91468833333333
560	260	1.914582
555	260	1.91392733333333
550	260	1.91271233333333
545	260	1.91210533333333
540	260	1.91216366666667
535	260	1.91228066666667
530	260	1.91229466666667
525	260	1.91251633333333
520	260	1.91274733333333
515	260	1.91339866666667
510	260	1.91214333333333
505	260	1.91149166666667
500	260	1.91071233333333
495	260	1.91035733333333
490	260	1.90862266666667
485	260	1.90789433333333
480	260	1.90766966666667
475	260	1.90744866666667
470	260	1.90762
465	260	1.907452
460	260	1.907265
455	260	1.907197
450	260	1.90703633333333
445	260	1.90675433333333
440	260	1.90650533333333
435	260	1.905889
430	260	1.90294066666667
425	260	1.896697
420	260	1.88911366666667
420	265	1.887203
425	265	1.89526733333333
430	265	1.90150266666667
435	265	1.90360166666667
440	265	1.903782
445	265	1.90592666666667
450	265	1.90700633333333
455	265	1.90724533333333
460	265	1.907181
465	265	1.90782166666667
470	265	1.90759133333333
475	265	1.907562
480	265	1.90748833333333
485	265	1.908403
490	265	1.90845533333333
495	265	1.90941733333333
500	265	1.911189
505	265	1.911634
510	265	1.911932
515	265	1.91217333333333
520	265	1.91234466666667
525	265	1.91288766666667
530	265	1.91218166666667
535	265	1.912148
540	265	1.91165
545	265	1.91201133333333
550	265	1.91233933333333
555	265	1.91330833333333
560	265	1.91373333333333
565	265	1.91444766666667
570	265	1.91394333333333
575	265	1.91406666666667
580	265	1.914385
585	265	1.914848
590	265	1.914043
595	265	1.913901
600	265	1.91401066666667
605	265	1.91527466666667
610	265	1.91621666666667
615	265	1.91705733333333
620	265	1.917184
625	265	1.91765133333333
630	265	1.91740666666667
635	265	1.917723
640	265	1.91801433333333
645	265	1.91661066666667
650	265	1.916212
655	265	1.916197
660	265	1.91621166666667
665	265	1.91645433333333
670	265	1.91687766666667
675	265	1.917259
680	265	1.91719633333333
685	265	1.91679666666667
690	265	1.91659833333333
695	265	1.916242
700	265	1.916617
705	270	1.91588233333333
700	270	1.916157
695	270	1.91616166666667
690	270	1.916232
685	270	1.916358
680	270	1.91686933333333
675	270	1.91674633333333
670	270	1.91622066666667
665	270	1.915928
660	270	1.91575633333333
655	270	1.91567033333333
650	270	1.91585466666667
645	270	1.916118
640	270	1.916844
635	270	1.91678833333333
630	270	1.91667233333333
625	270	1.91648966666667
620	270	1.91629633333333
615	270	1.91639
610	270	1.91554433333333
605	270	1.91433333333333
600	270	1.91342
595	270	1.91328866666667
590	270	1.913584
585	270	1.91397166666667
580	270	1.91373133333333
575	270	1.91355533333333
570	270	1.913532
565	270	1.91349566666667
560	270	1.91311766666667
555	270	1.912953
550	270	1.91205
545	270	1.91125933333333
540	270	1.91086633333333
535	270	1.91134733333333
530	270	1.91202733333333
525	270	1.91216666666667
520	270	1.911859
515	270	1.91177533333333
510	270	1.911345
505	270	1.91066533333333
500	270	1.90996
495	270	1.90910766666667
490	270	1.90827133333333
485	270	1.907981
480	270	1.907195
475	270	1.907237
470	270	1.90740766666667
465	270	1.907411
460	270	1.907017
455	270	1.90707166666667
450	270	1.90659733333333
445	270	1.90373066666667
440	270	1.89914766666667
435	270	1.90063833333333
430	270	1.90047266666667
425	270	1.894896
420	270	1.886185
420	275	1.88514966666667
425	275	1.895405
430	275	1.90005433333333
435	275	1.901327
440	275	1.90121433333333
445	275	1.904555
450	275	1.90609133333333
455	275	1.906923
460	275	1.90709133333333
465	275	1.90732566666667
470	275	1.90657333333333
475	275	1.90697866666667
480	275	1.90728166666667
485	275	1.90778466666667
490	275	1.90717933333333
495	275	1.90825066666667
500	275	1.90947466666667
505	275	1.91028066666667
510	275	1.90981866666667
515	275	1.91104733333333
520	275	1.91143
525	275	1.91214733333333
530	275	1.91065233333333
535	275	1.91058766666667
540	275	1.91059066666667
545	275	1.91134433333333
550	275	1.91073233333333
555	275	1.912455
560	275	1.91286833333333
565	275	1.91347033333333
570	275	1.91202533333333
575	275	1.913022
580	275	1.91319266666667
585	275	1.913132
590	275	1.911993
595	275	1.912088
600	275	1.91282833333333
605	275	1.913641
610	275	1.914015
615	275	1.91535866666667
620	275	1.91562566666667
625	275	1.915635
630	275	1.91468266666667
635	275	1.91562866666667
640	275	1.91584
645	275	1.91533333333333
650	275	1.91364133333333
655	275	1.91470133333333
660	275	1.914798
665	275	1.91545766666667
670	275	1.91459233333333
675	275	1.91588233333333
680	275	1.915958
685	275	1.916156
690	275	1.914412
695	275	1.915221
700	275	1.915296
705	275	1.915072
705	280	1.91403466666667
700	280	1.913699
695	280	1.914335
690	280	1.91413033333333
685	280	1.91474833333333
680	280	1.91397666666667
675	280	1.914814
670	280	1.91445233333333
665	280	1.91403933333333
660	280	1.91302033333333
655	280	1.91379033333333
650	280	1.91381333333333
645	280	1.91422466666667
640	280	1.914057
635	280	1.91445733333333
630	280	1.91448133333333
625	280	1.91469366666667
620	280	1.91458166666667
615	280	1.91439
610	280	1.91368766666667
605	280	1.91273533333333
600	280	1.911938
595	280	1.91155966666667
590	280	1.91197166666667
585	280	1.912267
580	280	1.91246233333333
575	280	1.91243166666667
570	280	1.91232466666667
565	280	1.91222166666667
560	280	1.911969
555	280	1.91148933333333
550	280	1.91043166666667
545	280	1.91010466666667
540	280	1.91004466666667
535	280	1.910014
530	280	1.91008033333333
525	280	1.9109
520	280	1.91070333333333
515	280	1.91027666666667
510	280	1.90981966666667
505	280	1.909443
500	280	1.90899566666667
495	280	1.90800366666667
490	280	1.90755533333333
485	280	1.90745033333333
480	280	1.90699
475	280	1.90654133333333
470	280	1.90677733333333
465	280	1.90691766666667
460	280	1.90673566666667
455	280	1.90665266666667
450	280	1.906648
445	280	1.90574866666667
440	280	1.90402566666667
435	280	1.90312233333333
430	280	1.90116766666667
425	280	1.89457466666667
420	280	1.88443633333333
420	285	1.88360766666667
425	285	1.89457633333333
430	285	1.90090833333333
435	285	1.90188866666667
440	285	1.90258833333333
445	285	1.905626
450	285	1.906536
455	285	1.906616
460	285	1.906653
465	285	1.90700666666667
470	285	1.90651033333333
475	285	1.90639
480	285	1.90685566666667
485	285	1.90763333333333
490	285	1.90730633333333
495	285	1.90795
500	285	1.908665
505	285	1.90944833333333
510	285	1.90927766666667
515	285	1.909769
520	285	1.91027
525	285	1.910557
530	285	1.90964633333333
535	285	1.90962533333333
540	285	1.909647
545	285	1.91021666666667
550	285	1.909893
555	285	1.91074466666667
560	285	1.91100533333333
565	285	1.91216966666667
570	285	1.911823
575	285	1.91174133333333
580	285	1.91170766666667
585	285	1.91206666666667
590	285	1.911527
595	285	1.91141566666667
600	285	1.911616
605	285	1.91245166666667
610	285	1.91283033333333
615	285	1.91346033333333
620	285	1.91393
625	285	1.914489
630	285	1.91378133333333
635	285	1.91353866666667
640	285	1.91362566666667
645	285	1.91330866666667
650	285	1.913016
655	285	1.913072
660	285	1.91305133333333
665	285	1.91324933333333
670	285	1.913484
675	285	1.91368133333333
680	285	1.91399166666667
685	285	1.91398866666667
690	285	1.91363666666667
695	285	1.913829
700	285	1.91391766666667
705	285	1.91359533333333
705	290	1.913473
700	290	1.913443
695	290	1.91322166666667
690	290	1.91317633333333
685	290	1.913626
680	290	1.913268
675	290	1.912289
670	290	1.91282866666667
665	290	1.912906
660	290	1.91263266666667
655	290	1.912648
650	290	1.91262666666667
645	290	1.912917
640	290	1.91333666666667
635	290	1.91326166666667
630	290	1.91338866666667
625	290	1.91347366666667
620	290	1.91327166666667
615	290	1.91309433333333
610	290	1.91248333333333
605	290	1.911552
600	290	1.91097866666667
595	290	1.91108166666667
590	290	1.911103
585	290	1.911094
580	290	1.91107766666667
575	290	1.91125433333333
570	290	1.91140166666667
565	290	1.91113466666667
560	290	1.91045233333333
555	290	1.91026233333333
550	290	1.90986233333333
545	290	1.90949033333333
540	290	1.90903233333333
535	290	1.90926733333333
530	290	1.909062
525	290	1.90939933333333
520	290	1.90960766666667
515	290	1.90934333333333
510	290	1.908869
505	290	1.90854433333333
500	290	1.90763133333333
495	290	1.907142
490	290	1.90710766666667
485	290	1.90691266666667
480	290	1.90647166666667
475	290	1.906172
470	290	1.906288
465	290	1.906469
460	290	1.906163
455	290	1.906233
450	290	1.90618333333333
445	290	1.90387533333333
440	290	1.89852933333333
435	290	1.89898
430	290	1.90080066666667
425	290	1.895845
420	290	1.88564766666667
420	295	1.890137
425	295	1.899381
430	295	1.902268
435	295	1.901901
440	295	1.901775
445	295	1.90453033333333
450	295	1.905089
455	295	1.90475466666667
460	295	1.90525333333333
465	295	1.906201
470	295	1.90541166666667
475	295	1.90618233333333
480	295	1.906489
485	295	1.90682333333333
490	295	1.90638333333333
495	295	1.90710266666667
500	295	1.90771266666667
505	295	1.90826933333333
510	295	1.908221
515	295	1.909322
520	295	1.90980466666667
525	295	1.90989533333333
530	295	1.90828166666667
535	295	1.909132
540	295	1.90903766666667
545	295	1.909686
550	295	1.90856466666667
555	295	1.910016
560	295	1.91063166666667
565	295	1.911775
570	295	1.910193
575	295	1.91073466666667
580	295	1.91077366666667
585	295	1.91074366666667
590	295	1.91004833333333
595	295	1.91059666666667
600	295	1.91073166666667
605	295	1.91114166666667
610	295	1.91117666666667
615	295	1.91271933333333
620	295	1.912962
625	295	1.913068
630	295	1.91213533333333
635	295	1.912703
640	295	1.91264266666667
645	295	1.91231533333333
650	295	1.91098666666667
655	295	1.91193933333333
660	295	1.91198366666667
665	295	1.91259033333333
670	295	1.91147433333333
675	295	1.91218133333333
680	295	1.91276966666667
685	295	1.91285766666667
690	295	1.91042366666667
695	295	1.91092966666667
700	295	1.911884
705	295	1.91287066666667
705	300	1.91174166666667
700	300	1.90882166666667
695	300	1.90789166666667
690	300	1.908809
685	300	1.91096266666667
680	300	1.91075533333333
675	300	1.912383
670	300	1.91213866666667
665	300	1.91185533333333
660	300	1.91042
655	300	1.91156266666667
650	300	1.91142833333333
645	300	1.91187833333333
640	300	1.911503
635	300	1.91254566666667
630	300	1.91268933333333
625	300	1.912957
620	300	1.91293166666667
615	300	1.912654
610	300	1.91177833333333
605	300	1.910877
600	300	1.91048266666667
595	300	1.91044733333333
590	300	1.91043233333333
585	300	1.91046133333333
580	300	1.91039066666667
575	300	1.910073
570	300	1.910385
565	300	1.91082666666667
560	300	1.91057033333333
555	300	1.91004033333333
550	300	1.90939733333333
545	300	1.90897966666667
540	300	1.90888033333333
535	300	1.90901933333333
530	300	1.90922333333333
525	300	1.90962333333333
520	300	1.90963233333333
515	300	1.90907833333333
510	300	1.908659
505	300	1.90842666666667
500	300	1.90797433333333
495	300	1.907351
490	300	1.90701533333333
485	300	1.906709
480	300	1.906391
475	300	1.906144
470	300	1.906223
465	300	1.906165
460	300	1.90489233333333
455	300	1.903703
450	300	1.905603
445	300	1.905776
440	300	1.90534033333333
435	300	1.90542533333333
430	300	1.904943
425	300	1.90149
420	300	1.89443033333333
420	305	1.89817966666667
425	305	1.90304766666667
430	305	1.90544166666667
435	305	1.90616666666667
440	305	1.90631833333333
445	305	1.90680266666667
450	305	1.90620533333333
455	305	1.905533
460	305	1.905622
465	305	1.90672633333333
470	305	1.906358
475	305	1.90631366666667
480	305	1.90646133333333
485	305	1.907189
490	305	1.906934
495	305	1.90728533333333
500	305	1.90794966666667
505	305	1.908352
510	305	1.90829033333333
515	305	1.90877233333333
520	305	1.90932166666667
525	305	1.91006866666667
530	305	1.90918233333333
535	305	1.90888833333333
540	305	1.90805166666667
545	305	1.908293
550	305	1.90881866666667
555	305	1.909989
560	305	1.910578
565	305	1.91092066666667
570	305	1.909806
575	305	1.908873
580	305	1.91011333333333
585	305	1.910793
590	305	1.910386
595	305	1.90968533333333
600	305	1.90976733333333
605	305	1.90998566666667
610	305	1.91108266666667
615	305	1.91211333333333
620	305	1.91271166666667
625	305	1.91297466666667
630	305	1.91246033333333
635	305	1.912036
640	305	1.912181
645	305	1.91159533333333
650	305	1.91105566666667
655	305	1.910838
660	305	1.91124066666667
665	305	1.91151366666667
670	305	1.91152266666667
675	305	1.91121866666667
680	305	1.91052133333333
685	305	1.90971366666667
690	305	1.907629
695	305	1.90667033333333
700	305	1.90848766666667
705	305	1.91048033333333
705	310	1.90991566666667
700	310	1.908075
695	310	1.90664266666667
690	310	1.90823066666667
685	310	1.91009266666667
680	310	1.91054233333333
675	310	1.91074233333333
670	310	1.91037033333333
665	310	1.911093
660	310	1.911059
655	310	1.91107266666667
650	310	1.911126
645	310	1.91153
640	310	1.91233833333333
635	310	1.91243966666667
630	310	1.91248566666667
625	310	1.912692
620	310	1.91267133333333
615	310	1.91238833333333
610	310	1.910669
605	310	1.90833433333333
600	310	1.909266
595	310	1.90999866666667
590	310	1.910363
585	310	1.910234
580	310	1.90983933333333
575	310	1.909792
570	310	1.90931066666667
565	310	1.91013
560	310	1.910499
555	310	1.91018366666667
550	310	1.908358
545	310	1.905719
540	310	1.90639866666667
535	310	1.908832
530	310	1.90943
525	310	1.90978233333333
520	310	1.90914033333333
515	310	1.908916
510	310	1.908657
505	310	1.90846533333333
500	310	1.90787733333333
495	310	1.907292
490	310	1.90700133333333
485	310	1.90681466666667
480	310	1.90642866666667
475	310	1.90652633333333
470	310	1.90633633333333
465	310	1.90545966666667
460	310	1.90471766666667
455	310	1.90545666666667
450	310	1.90607833333333
445	310	1.906522
440	310	1.90618433333333
435	310	1.90599766666667
430	310	1.905621
425	310	1.904217
420	310	1.90071266666667
420	315	1.90244433333333
425	315	1.904956
430	315	1.90494466666667
435	315	1.90607333333333
440	315	1.90637466666667
445	315	1.90671566666667
450	315	1.904697
455	315	1.904508
460	315	1.90277366666667
465	315	1.90404533333333
470	315	1.90520733333333
475	315	1.90647833333333
480	315	1.90649933333333
485	315	1.90708933333333
490	315	1.90640066666667
495	315	1.907476
500	315	1.90811633333333
505	315	1.90883266666667
510	315	1.907827
515	315	1.909048
520	315	1.90913566666667
525	315	1.90941866666667
530	315	1.90913833333333
535	315	1.909177
540	315	1.907398
545	315	1.906605
550	315	1.90791233333333
555	315	1.91008933333333
560	315	1.91052833333333
565	315	1.90984466666667
570	315	1.90835666666667
575	315	1.90964333333333
580	315	1.91024566666667
585	315	1.910695
590	315	1.909145
595	315	1.90981166666667
600	315	1.90988033333333
605	315	1.91028033333333
610	315	1.91046133333333
615	315	1.91221333333333
620	315	1.912449
625	315	1.91272133333333
630	315	1.91136066666667
635	315	1.91218833333333
640	315	1.91193933333333
645	315	1.91121533333333
650	315	1.909825
655	315	1.910681
660	315	1.91076566666667
665	315	1.91048433333333
670	315	1.90842633333333
675	315	1.91057766666667
680	315	1.91130366666667
685	315	1.91055
690	315	1.90846766666667
695	315	1.908162
700	315	1.908307
705	315	1.90927533333333
705	320	1.90857133333333
700	320	1.90756733333333
695	320	1.90945133333333
690	320	1.90992333333333
685	320	1.91078666666667
680	320	1.910025
675	320	1.910729
670	320	1.91004333333333
665	320	1.91054933333333
660	320	1.90928366666667
655	320	1.910395
650	320	1.90999433333333
645	320	1.91053233333333
640	320	1.909941
635	320	1.91184966666667
630	320	1.91183933333333
625	320	1.912182
620	320	1.91206066666667
615	320	1.91203933333333
610	320	1.911165
605	320	1.91020166666667
600	320	1.909738
595	320	1.90961766666667
590	320	1.909561
585	320	1.910151
580	320	1.91035733333333
575	320	1.90999266666667
570	320	1.90999566666667
565	320	1.91019933333333
560	320	1.91014566666667
555	320	1.90977266666667
550	320	1.908785
545	320	1.90816533333333
540	320	1.908526
535	320	1.909396
530	320	1.909407
525	320	1.90891266666667
520	320	1.90884366666667
515	320	1.90890966666667
510	320	1.90871
505	320	1.90826366666667
500	320	1.90809166666667
495	320	1.90743566666667
490	320	1.906879
485	320	1.90654233333333
480	320	1.90638266666667
475	320	1.90625366666667
470	320	1.905759
465	320	1.90431733333333
460	320	1.903838
455	320	1.90523033333333
450	320	1.906053
445	320	1.90631
440	320	1.90623966666667
435	320	1.90593133333333
430	320	1.90566866666667
425	320	1.90490266666667
420	320	1.90284466666667
420	325	1.90284833333333
425	325	1.90475833333333
430	325	1.90545633333333
435	325	1.905726
440	325	1.90627033333333
445	325	1.90687866666667
450	325	1.906615
455	325	1.90632533333333
460	325	1.90596933333333
465	325	1.90653066666667
470	325	1.906427
475	325	1.906431
480	325	1.906561
485	325	1.90731166666667
490	325	1.90710933333333
495	325	1.90758766666667
500	325	1.90835666666667
505	325	1.90925633333333
510	325	1.90895633333333
515	325	1.90892366666667
520	325	1.90889333333333
525	325	1.90915166666667
530	325	1.90880366666667
535	325	1.908959
540	325	1.908779
545	325	1.909155
550	325	1.90926233333333
555	325	1.909962
560	325	1.910319
565	325	1.91114033333333
570	325	1.910497
575	325	1.909948
580	325	1.91021233333333
585	325	1.91041533333333
590	325	1.90973033333333
595	325	1.90993833333333
600	325	1.909715
605	325	1.910624
610	325	1.91148033333333
615	325	1.91241266666667
620	325	1.91240333333333
625	325	1.91258766666667
630	325	1.91226
635	325	1.912119
640	325	1.911103
645	325	1.91034633333333
650	325	1.91015833333333
655	325	1.91055766666667
660	325	1.91054533333333
665	325	1.91070833333333
670	325	1.910235
675	325	1.910472
680	325	1.91090566666667
685	325	1.91070733333333
690	325	1.91026933333333
695	325	1.91013066666667
700	325	1.90925033333333
700	330	1.908877
695	330	1.90962233333333
690	330	1.91014566666667
685	330	1.91048433333333
680	330	1.91075333333333
675	330	1.91035366666667
670	330	1.910197
665	330	1.91073833333333
660	330	1.91050466666667
655	330	1.91036366666667
650	330	1.91030466666667
645	330	1.91046833333333
640	330	1.910902
635	330	1.91162633333333
630	330	1.91207666666667
625	330	1.91240966666667
620	330	1.91260033333333
615	330	1.91237
610	330	1.91153733333333
605	330	1.91024766666667
600	330	1.90954133333333
595	330	1.90969166666667
590	330	1.90989333333333
585	330	1.91007933333333
580	330	1.90996766666667
575	330	1.91010733333333
570	330	1.91037566666667
565	330	1.910888
560	330	1.910514
555	330	1.910145
550	330	1.909311
545	330	1.908703
540	330	1.90825733333333
535	330	1.90819533333333
530	330	1.907884
525	330	1.90760366666667
520	330	1.90854233333333
515	330	1.908884
510	330	1.90893966666667
505	330	1.90880866666667
500	330	1.90814433333333
495	330	1.907755
490	330	1.90722166666667
485	330	1.906812
480	330	1.90630133333333
475	330	1.90645333333333
470	330	1.90652833333333
465	330	1.90656933333333
460	330	1.906302
455	330	1.90670033333333
450	330	1.90679233333333
445	330	1.90660433333333
440	330	1.906178
435	330	1.906025
430	330	1.905681
425	330	1.904849
425	335	1.90553166666667
430	335	1.90539866666667
435	335	1.906367
440	335	1.90677033333333
445	335	1.907124
450	335	1.90635033333333
455	335	1.90691933333333
460	335	1.90665633333333
465	335	1.90703433333333
470	335	1.90578366666667
475	335	1.90637366666667
480	335	1.90630266666667
485	335	1.906994
490	335	1.90639333333333
495	335	1.90793533333333
500	335	1.90824566666667
505	335	1.90917766666667
510	335	1.908286
515	335	1.908449
520	335	1.90822166666667
525	335	1.90804433333333
530	335	1.907134
535	335	1.90762733333333
540	335	1.90830466666667
545	335	1.908601
550	335	1.908445
555	335	1.90984166666667
560	335	1.91021933333333
565	335	1.91030866666667
570	335	1.909375
575	335	1.910053
580	335	1.91014166666667
585	335	1.91028266666667
590	335	1.90886666666667
595	335	1.909624
600	335	1.90964233333333
605	335	1.910574
610	335	1.910655
615	335	1.91245166666667
620	335	1.91275633333333
625	335	1.912807
630	335	1.911139
635	335	1.91115266666667
640	335	1.910526
645	335	1.91028833333333
650	335	1.90916133333333
655	335	1.90994433333333
660	335	1.91010866666667
665	335	1.910586
670	335	1.909746
675	335	1.910749
680	335	1.91059566666667
685	335	1.910122
690	335	1.90887333333333
695	335	1.90954033333333
700	335	1.90890733333333
700	340	1.90912466666667
695	340	1.90948433333333
690	340	1.909296
685	340	1.90932866666667
680	340	1.90878866666667
675	340	1.91052033333333
670	340	1.91050033333333
665	340	1.91044566666667
660	340	1.90878
655	340	1.909422
650	340	1.90964566666667
645	340	1.90999766666667
640	340	1.90881033333333
635	340	1.910471
630	340	1.91160966666667
625	340	1.91256366666667
620	340	1.91268466666667
615	340	1.91230133333333
610	340	1.91133166666667
605	340	1.910086
600	340	1.90951733333333
595	340	1.909488
590	340	1.909515
585	340	1.90991533333333
580	340	1.910093
575	340	1.90989966666667
570	340	1.910092
565	340	1.910088
560	340	1.910073
555	340	1.90983333333333
550	340	1.90911766666667
545	340	1.90863833333333
540	340	1.90825166666667
535	340	1.907684
530	340	1.90839166666667
525	340	1.90876733333333
520	340	1.90808766666667
515	340	1.907806
510	340	1.90883733333333
505	340	1.90859233333333
500	340	1.90809333333333
495	340	1.90741966666667
490	340	1.90686133333333
485	340	1.90625533333333
480	340	1.90624766666667
475	340	1.90635633333333
470	340	1.90651966666667
465	340	1.906712
460	340	1.90683133333333
455	340	1.90710366666667
450	340	1.90712933333333
445	340	1.90707033333333
440	340	1.906815
435	340	1.90635833333333
430	340	1.90618466666667
425	340	1.906037
430	345	1.906467
435	345	1.90640266666667
440	345	1.906902
445	345	1.90732766666667
450	345	1.907417
455	345	1.907426
460	345	1.907301
465	345	1.90757266666667
470	345	1.90660166666667
475	345	1.90638266666667
480	345	1.90643533333333
485	345	1.90699633333333
490	345	1.906813
495	345	1.90793666666667
500	345	1.907178
505	345	1.909526
510	345	1.90903433333333
515	345	1.90840333333333
520	345	1.908414
525	345	1.90962666666667
530	345	1.90906166666667
535	345	1.90867266666667
540	345	1.90851766666667
545	345	1.90913666666667
550	345	1.909285
555	345	1.90987433333333
560	345	1.91025066666667
565	345	1.91066766666667
570	345	1.90999866666667
575	345	1.90976733333333
580	345	1.90998333333333
585	345	1.91028533333333
590	345	1.90867466666667
595	345	1.90979833333333
600	345	1.90972066666667
605	345	1.91068266666667
610	345	1.911861
615	345	1.912616
620	345	1.91286633333333
625	345	1.91279733333333
630	345	1.91156966666667
635	345	1.91083066666667
640	345	1.90886866666667
645	345	1.91005533333333
650	345	1.909977
655	345	1.90961066666667
660	345	1.909682
665	345	1.91038566666667
670	345	1.910862
675	345	1.91045866666667
680	345	1.908476
685	345	1.908337
690	345	1.90953866666667
695	345	1.90984933333333
695	350	1.90869566666667
690	350	1.90886933333333
685	350	1.908791
680	350	1.90911733333333
675	350	1.910085
670	350	1.91049633333333
665	350	1.91045333333333
660	350	1.91016833333333
655	350	1.91003033333333
650	350	1.91016566666667
645	350	1.91027233333333
640	350	1.910089
635	350	1.910601
630	350	1.91134666666667
625	350	1.911991
620	350	1.91300466666667
615	350	1.91280933333333
610	350	1.91168133333333
605	350	1.91030233333333
600	350	1.90944066666667
595	350	1.90935966666667
590	350	1.90966233333333
585	350	1.90988366666667
580	350	1.90980733333333
575	350	1.91008333333333
570	350	1.910234
565	350	1.91051233333333
560	350	1.91033466666667
555	350	1.91017766666667
550	350	1.909439
545	350	1.908867
540	350	1.90852733333333
535	350	1.908951
530	350	1.90855166666667
525	350	1.90897033333333
520	350	1.909136
515	350	1.90895866666667
510	350	1.90916866666667
505	350	1.90923733333333
500	350	1.90868566666667
495	350	1.90799266666667
490	350	1.90663533333333
485	350	1.90703466666667
480	350	1.906583
475	350	1.90650133333333
470	350	1.90657766666667
465	350	1.90707966666667
460	350	1.90715566666667
455	350	1.90747966666667
450	350	1.907653
445	350	1.907573
440	350	1.906852
435	350	1.90656466666667
430	350	1.90647966666667
435	355	1.90654533333333
440	355	1.90714166666667
445	355	1.90735866666667
450	355	1.906806
455	355	1.907541
460	355	1.90738833333333
465	355	1.907762
470	355	1.90628866666667
475	355	1.90688733333333
480	355	1.90701433333333
485	355	1.907283
490	355	1.90658066666667
495	355	1.90804733333333
500	355	1.90900933333333
505	355	1.91012533333333
510	355	1.90865333333333
515	355	1.909287
520	355	1.90951533333333
525	355	1.909594
530	355	1.908537
535	355	1.90891233333333
540	355	1.90870633333333
545	355	1.90879766666667
550	355	1.90884133333333
555	355	1.910276
560	355	1.910603
565	355	1.910619
570	355	1.90970233333333
575	355	1.910063
580	355	1.910027
585	355	1.91005433333333
590	355	1.90885
595	355	1.90916766666667
600	355	1.90951433333333
605	355	1.91051
610	355	1.911095
615	355	1.91266433333333
620	355	1.91246766666667
625	355	1.911921
630	355	1.91046266666667
635	355	1.91051166666667
640	355	1.91019366666667
645	355	1.91025
650	355	1.909414
655	355	1.910062
660	355	1.91013
665	355	1.90991633333333
670	355	1.908829
675	355	1.90929333333333
680	355	1.90916933333333
685	355	1.90888
690	355	1.90782766666667
690	360	1.907603
685	360	1.908481
680	360	1.90791066666667
675	360	1.90844233333333
670	360	1.90762
665	360	1.90930066666667
660	360	1.90884866666667
655	360	1.91021666666667
650	360	1.90947
645	360	1.90976
640	360	1.90853366666667
635	360	1.91040033333333
630	360	1.910404
625	360	1.91109666666667
620	360	1.911142
615	360	1.911656
610	360	1.911112
605	360	1.91004733333333
600	360	1.909313
595	360	1.90922166666667
590	360	1.90918766666667
585	360	1.90962233333333
580	360	1.909766
575	360	1.90993866666667
570	360	1.910199
565	360	1.91051666666667
560	360	1.9105
555	360	1.91006833333333
550	360	1.90929533333333
545	360	1.908739
540	360	1.908625
535	360	1.90887733333333
530	360	1.90913833333333
525	360	1.90953633333333
520	360	1.90949966666667
515	360	1.909635
510	360	1.90932433333333
505	360	1.90932766666667
500	360	1.90864666666667
495	360	1.90774166666667
490	360	1.90684366666667
485	360	1.90668466666667
480	360	1.906882
475	360	1.906928
470	360	1.907037
465	360	1.90722666666667
460	360	1.90735666666667
455	360	1.90745966666667
450	360	1.90742833333333
445	360	1.90718933333333
440	360	1.906429
435	360	1.905253
440	365	1.90482533333333
445	365	1.90704766666667
450	365	1.90743433333333
455	365	1.90753633333333
460	365	1.90746433333333
465	365	1.907915
470	365	1.90704433333333
475	365	1.907006
480	365	1.90685
485	365	1.907207
490	365	1.90665566666667
495	365	1.907377
500	365	1.90853666666667
505	365	1.90955366666667
510	365	1.90923566666667
515	365	1.90967366666667
520	365	1.91004433333333
525	365	1.90985966666667
530	365	1.90896966666667
535	365	1.908606
540	365	1.90848766666667
545	365	1.909074
550	365	1.909234
555	365	1.90994833333333
560	365	1.91039966666667
565	365	1.91091866666667
570	365	1.91013166666667
575	365	1.909876
580	365	1.90969066666667
585	365	1.90985666666667
590	365	1.908576
595	365	1.9094
600	365	1.909118
605	365	1.91028866666667
610	365	1.91104633333333
615	365	1.91136766666667
620	365	1.91082633333333
625	365	1.91127066666667
630	365	1.91049066666667
635	365	1.91007366666667
640	365	1.90970833333333
645	365	1.90886133333333
650	365	1.909366
655	365	1.90941333333333
660	365	1.91036733333333
665	365	1.90867266666667
670	365	1.908662
675	365	1.90884933333333
680	365	1.90845066666667
685	365	1.90718433333333
690	370	2.68480766666667
685	370	1.908051
680	370	1.90909533333333
675	370	1.90933066666667
670	370	1.90945466666667
665	370	1.90927033333333
660	370	1.90945933333333
655	370	1.909499
650	370	1.90932266666667
645	370	1.90944833333333
640	370	1.90971466666667
635	370	1.909884
630	370	1.91030966666667
625	370	1.910882
620	370	1.91108933333333
615	370	1.910841
610	370	1.910725
605	370	1.909746
600	370	1.909088
595	370	1.90916566666667
590	370	1.91015766666667
585	370	1.91045166666667
580	370	1.910264
575	370	1.90981533333333
570	370	1.910481
565	370	1.91081866666667
560	370	1.91076
555	370	1.91048833333333
550	370	1.90956366666667
545	370	1.909008
540	370	1.90871466666667
535	370	1.90882133333333
530	370	1.90900233333333
525	370	1.909148
520	370	1.90950833333333
515	370	1.90964733333333
510	370	1.90937033333333
505	370	1.908787
500	370	1.90849333333333
495	370	1.90762133333333
490	370	1.90681333333333
485	370	1.90705366666667
480	370	1.90696633333333
475	370	1.90696566666667
470	370	1.90728333333333
465	370	1.90742566666667
460	370	1.90755633333333
455	370	1.907642
450	370	1.906964
445	370	1.90496666666667
440	370	1.90202133333333
445	375	1.90340566666667
450	375	1.90524266666667
455	375	1.90791
460	375	1.908029
465	375	1.90775
470	375	1.906932
475	375	1.907619
480	375	1.907554
485	375	1.90744866666667
490	375	1.90714266666667
495	375	1.908324
500	375	1.90889
505	375	1.90953633333333
510	375	1.90930866666667
515	375	1.91007
520	375	1.90967066666667
525	375	1.91010766666667
530	375	1.908915
535	375	1.90949233333333
540	375	1.909369
545	375	1.90980933333333
550	375	1.90932233333333
555	375	1.911271
560	375	1.91179633333333
565	375	1.91211533333333
570	375	1.91066166666667
575	375	1.91106266666667
580	375	1.910951
585	375	1.91118066666667
590	375	1.90953333333333
595	375	1.909689
600	375	1.90968233333333
605	375	1.91012266666667
610	375	1.91032166666667
615	375	1.91149066666667
620	375	1.911614
625	375	1.91131133333333
630	375	1.91020166666667
635	375	1.910566
640	375	1.91026033333333
645	375	1.90927866666667
650	375	1.90912466666667
655	375	1.90987866666667
660	375	1.90952833333333
665	375	1.91000433333333
670	375	1.909529
675	375	1.910182
680	375	1.90968633333333
680	380	1.90985766666667
675	380	1.91029533333333
670	380	1.91016733333333
665	380	1.90988733333333
660	380	1.908205
655	380	1.91020733333333
650	380	1.90949833333333
645	380	1.90990833333333
640	380	1.910298
635	380	1.91142933333333
630	380	1.91084633333333
625	380	1.91144033333333
620	380	1.91168733333333
615	380	1.911475
610	380	1.910701
605	380	1.91009766666667
600	380	1.90966166666667
595	380	1.909612
590	380	1.909826
585	380	1.91025466666667
580	380	1.91052133333333
575	380	1.910689
570	380	1.911187
565	380	1.91173033333333
560	380	1.91169666666667
555	380	1.91095033333333
550	380	1.90983166666667
545	380	1.90919266666667
540	380	1.909025
535	380	1.909554
530	380	1.90956266666667
525	380	1.90983433333333
520	380	1.90987133333333
515	380	1.910611
510	380	1.90989733333333
505	380	1.90961566666667
500	380	1.908897
495	380	1.90868633333333
490	380	1.90798
485	380	1.90778233333333
480	380	1.90772333333333
475	380	1.90771766666667
470	380	1.90769966666667
465	380	1.90797066666667
460	380	1.908324
455	380	1.90775066666667
450	380	1.905358
445	380	1.90170166666667
450	385	1.90525133333333
455	385	1.90746666666667
460	385	1.908256
465	385	1.908289
470	385	1.90796133333333
475	385	1.90786933333333
480	385	1.907781
485	385	1.90780366666667
490	385	1.908124
495	385	1.90843166666667
500	385	1.909159
505	385	1.90981
510	385	1.910082
515	385	1.91010166666667
520	385	1.910219
525	385	1.91001866666667
530	385	1.90974366666667
535	385	1.90931033333333
540	385	1.908983
545	385	1.90893566666667
550	385	1.90931266666667
555	385	1.90976966666667
560	385	1.91035933333333
565	385	1.910871
570	385	1.910773
575	385	1.91044733333333
580	385	1.91047633333333
585	385	1.910314
590	385	1.909938
595	385	1.90886766666667
600	385	1.90973733333333
605	385	1.910103
610	385	1.91110133333333
615	385	1.911717
620	385	1.91176733333333
625	385	1.911605
630	385	1.911555
635	385	1.91105433333333
640	385	1.91033633333333
645	385	1.90948266666667
650	385	1.90969033333333
655	385	1.90963966666667
660	385	1.90964766666667
665	385	1.910507
670	385	1.91070133333333
675	385	1.91043933333333
670	390	1.91010566666667
665	390	1.91021166666667
660	390	1.90956633333333
655	390	1.909634
650	390	1.90972866666667
645	390	1.91012466666667
640	390	1.910362
635	390	1.91053466666667
630	390	1.91157066666667
625	390	1.91203166666667
620	390	1.91194833333333
615	390	1.91121333333333
610	390	1.91105066666667
605	390	1.910282
600	390	1.909736
595	390	1.909615
590	390	1.91034333333333
585	390	1.91077633333333
580	390	1.91072366666667
575	390	1.910148
570	390	1.91078033333333
565	390	1.91053166666667
560	390	1.909459
555	390	1.908779
550	390	1.90916933333333
545	390	1.90919233333333
540	390	1.90917933333333
535	390	1.90916133333333
530	390	1.90992466666667
525	390	1.91029033333333
520	390	1.91034833333333
515	390	1.909897
510	390	1.91022533333333
505	390	1.910076
500	390	1.90926733333333
495	390	1.90826933333333
490	390	1.908227
485	390	1.907749
480	390	1.90770766666667
475	390	1.90779366666667
470	390	1.90835166666667
465	390	1.90827333333333
460	390	1.90778133333333
455	390	1.90669766666667
460	395	1.90760233333333
465	395	1.907805
470	395	1.907136
475	395	1.908363
480	395	1.90822033333333
485	395	1.907947
490	395	1.90720166666667
495	395	1.908788
500	395	1.909579
505	395	1.91014033333333
510	395	1.90957533333333
515	395	1.91033233333333
520	395	1.91046233333333
525	395	1.91076933333333
530	395	1.909395
535	395	1.90965333333333
540	395	1.90941833333333
545	395	1.90956133333333
550	395	1.90846733333333
555	395	1.90938766666667
560	395	1.909853
565	395	1.910875
570	395	1.90970566666667
575	395	1.91045566666667
580	395	1.91086533333333
585	395	1.91169966666667
590	395	1.90968433333333
595	395	1.909829
600	395	1.909648
605	395	1.91009033333333
610	395	1.91036466666667
615	395	1.911679
620	395	1.91190666666667
625	395	1.91173433333333
630	395	1.91078866666667
635	395	1.91109933333333
640	395	1.91060866666667
645	395	1.909945
650	395	1.90903366666667
655	395	1.909661
660	395	1.90954066666667
665	395	1.90982566666667
660	400	1.90703266666667
655	400	1.90854066666667
650	400	1.90850666666667
645	400	1.909024
640	400	1.90962
635	400	1.91048933333333
630	400	1.91075733333333
625	400	1.911109
620	400	1.91125733333333
615	400	1.910929
610	400	1.909931
605	400	1.90930933333333
600	400	1.90900733333333
595	400	1.90927166666667
590	400	1.91001766666667
585	400	1.91031733333333
580	400	1.91029433333333
575	400	1.909717
570	400	1.909857
565	400	1.91022666666667
560	400	1.910121
555	400	1.90966366666667
550	400	1.90905333333333
545	400	1.90883733333333
540	400	1.90913566666667
535	400	1.90949166666667
530	400	1.90965566666667
525	400	1.90985666666667
520	400	1.90996066666667
515	400	1.910024
510	400	1.90997133333333
505	400	1.909774
500	400	1.909205
495	400	1.90825633333333
490	400	1.90755233333333
485	400	1.90770633333333
480	400	1.90794333333333
475	400	1.90720833333333
470	400	1.906513
465	400	1.90671766666667
470	405	1.90520166666667
475	405	1.90572
480	405	1.906795
485	405	1.90706566666667
490	405	1.906719
495	405	1.90763466666667
500	405	1.90884233333333
505	405	1.90938033333333
510	405	1.90949133333333
515	405	1.90952566666667
520	405	1.90943566666667
525	405	1.90922933333333
530	405	1.909107
535	405	1.908844
540	405	1.90849533333333
545	405	1.908334
550	405	1.90883033333333
555	405	1.90970466666667
560	405	1.91011933333333
565	405	1.910041
570	405	1.90932533333333
575	405	1.90911933333333
580	405	1.909656
585	405	1.90965566666667
590	405	1.909008
595	405	1.90785466666667
600	405	1.90795766666667
605	405	1.90829433333333
610	405	1.90884666666667
615	405	1.91085833333333
620	405	1.911034
625	405	1.910841
630	405	1.91059833333333
635	405	1.90960833333333
640	405	1.90820933333333
645	405	1.907578
650	405	1.907669
655	405	1.90730433333333
650	410	1.904741
645	410	1.90540366666667
640	410	1.90596
635	410	1.906455
630	410	1.90817733333333
625	410	1.90955566666667
620	410	1.91031566666667
615	410	1.90992633333333
610	410	1.90901233333333
605	410	1.90722
600	410	1.906319
595	410	1.90645733333333
590	410	1.90757133333333
585	410	1.90830966666667
580	410	1.90819933333333
575	410	1.90772466666667
570	410	1.90853166666667
565	410	1.909225
560	410	1.909246
555	410	1.908513
550	410	1.907803
545	410	1.90713
540	410	1.90694533333333
535	410	1.90696333333333
530	410	1.907935
525	410	1.907917
520	410	1.908238
515	410	1.908503
510	410	1.90890633333333
505	410	1.90943
500	410	1.90895666666667
495	410	1.90695733333333
490	410	1.90599233333333
485	410	1.90563833333333
480	410	1.90499266666667
475	410	1.903895
480	415	1.90319266666667
485	415	1.90312466666667
490	415	1.90414766666667
495	415	1.906344
500	415	1.908525
505	415	1.90824633333333
510	415	1.908333
515	415	1.907907
520	415	1.907098
525	415	1.90684833333333
530	415	1.906339
535	415	1.906273
540	415	1.905761
545	415	1.90586
550	415	1.90465866666667
555	415	1.90656833333333
560	415	1.907779
565	415	1.90846366666667
570	415	1.906765
575	415	1.90660466666667
580	415	1.90654366666667
585	415	1.90749466666667
590	415	1.90650866666667
595	415	1.906061
600	415	1.905796
605	415	1.90600533333333
610	415	1.90810466666667
615	415	1.90896766666667
620	415	1.908195
625	415	1.90606933333333
630	415	1.90523933333333
635	415	1.90435
640	415	1.90324266666667
645	415	1.90224366666667
650	415	2.68475966666667
640	420	2.68223633333333
635	420	1.901553
630	420	1.902736
625	420	1.904121
620	420	1.90544566666667
615	420	1.90610033333333
610	420	1.90585833333333
605	420	1.90461433333333
600	420	1.90455166666667
595	420	1.90540766666667
590	420	1.906034
585	420	1.906003
580	420	1.905407
575	420	1.904946
570	420	1.905466
565	420	1.90609866666667
560	420	1.906001
555	420	1.90331666666667
550	420	1.900255
545	420	1.90224033333333
540	420	1.90469566666667
535	420	1.90563666666667
530	420	1.90609566666667
525	420	1.906037
520	420	1.90608066666667
515	420	1.90629466666667
510	420	1.906624
505	420	1.906904
500	420	1.90644466666667
495	420	1.90484733333333
490	420	1.90290366666667
500	425	1.90413933333333
505	425	1.904316
510	425	1.90378266666667
515	425	1.90347933333333
520	425	1.90364166666667
525	425	1.90392466666667
530	425	1.904454
535	425	1.904494
540	425	1.90339966666667
545	425	1.900766
550	425	1.89854133333333
555	425	1.90167
560	425	1.90435766666667
565	425	1.904606
570	425	1.903972
575	425	1.90349933333333
580	425	1.90346866666667
585	425	1.90391533333333
590	425	1.90396033333333
595	425	1.902994
600	425	1.90171166666667
605	425	1.901637
610	425	1.90247
615	425	1.90281333333333
620	425	1.90233766666667
625	425	1.90129133333333
630	425	1.89969933333333
620	430	1.899207
615	430	1.899137
610	430	1.899296
605	430	1.89885733333333
600	430	1.89884033333333
595	430	1.89963766666667
590	430	1.90097933333333
585	430	1.901206
580	430	1.901042
575	430	1.90076266666667
570	430	1.90157233333333
565	430	1.902131
560	430	1.90244333333333
555	430	1.901038
550	430	1.90007433333333
545	430	1.900365
540	430	1.90133866666667
535	430	1.90156366666667
530	430	1.90183733333333
525	430	1.90150333333333
520	430	1.90129333333333
515	430	1.90089466666667
510	430	1.90146466666667
520	435	1.899375
525	435	1.900587
530	435	1.89949566666667
535	435	1.899624
540	435	1.899166
545	435	1.89880633333333
550	435	1.899283
555	435	1.90029833333333
560	435	1.90064033333333
565	435	1.90002566666667
570	435	1.899275
575	435	1.899094
580	435	1.89901133333333
585	435	1.898768
590	435	1.89825566666667
595	435	1.89739666666667
600	435	1.896522
605	435	1.89562433333333
575	440	1.89703566666667
570	440	1.89735366666667
565	440	1.89804866666667
560	440	1.89853933333333
555	440	1.898315
550	440	1.89763566666667